0,12
1,10
2,11
3,8
4,9
5,15
6,17
7,15
8,13
9,15
10,15
11,15
12,16
13,15
14,14
15,5
16,17
17,17
18,17
19,17
20,16
21,14
22,5,17,1672
23,2
24,3
25,1
26,1
27,1
28,2
32,2
33,13
35,3
37,20
38,2
39,15
40,17
41,21
42,22
44,23,24
47,25
48,2
49,15
50,17
51,22,26
52,27
53,5,28,37
54,2,3,29,34
55,30
56,1,31
57,32
58,1,33
60,2,3,34
62,35
65,1,5,28,36,37
89,0,45
111,38
112,2
113,15
114,17
115,6,39
116,40
117,2,3,29,34,41
118,30,42
120,7
149,7,27,32
167,23,24
169,2,43
171,2,44
173,46
174,47
175,2
176,15
177,17
178,46
179,48
181,7
182,49
183,50
184,2
185,15
186,17
187,49
188,51
190,2
191,52
192,53
193,2
194,15
195,17
196,52
197,54
199,2
200,55
201,56
202,2
203,15
204,17
205,55
206,57
208,1
209,58
210,59
211,2
212,15
213,17
214,58
215,60
217,1
218,61
219,62
220,2
221,15
222,17
223,61
224,63
226,3
227,64
228,65
229,2
230,15
231,17
232,64
233,66
235,3
236,67
237,68
238,2
239,15
240,17
241,67
242,69
244,3
245,70
246,71
247,2
248,15
249,17
250,70
251,72
253,3
254,73
255,74
256,2
257,15
258,17
259,73
260,75
261,76
262,77
263,2
264,15
265,17
266,76
267,78
268,79
269,80
270,2
271,15
272,17
273,79
274,81,1824
276,3
277,82
278,83
279,2
280,15
281,17
282,82
283,84
284,85
285,86
286,2
287,15
288,17
289,85
290,87
291,88
292,89
293,2
294,15
295,17
296,88
297,90
298,91
299,92
300,2
301,15
302,17
303,91
304,93
305,94
306,95
307,2
308,15
309,17
310,94
311,96
312,97
313,98
314,2
315,15
316,17
317,97
318,99
319,100
320,101
321,2
322,15
323,17
324,100
325,102
327,103,104
328,17
330,105,106
331,17
335,108
336,2
337,15
338,17
339,109
341,110
342,17
346,112
347,2
348,15
349,17
350,113
352,114
353,17
357,116
358,2
359,15
360,17
361,117
363,118
364,2
365,13
367,3
371,120
372,2
373,15
374,17
375,121
377,122
378,17
382,124
383,2
384,15
385,17
386,125
387,126
389,126
393,128
394,2
395,15
396,17
397,129
398,130
400,130
404,132
405,2
406,15
407,17
408,133
409,134
411,134
415,136
416,2
417,15
418,17
419,137
420,138
422,138
426,140
427,2
428,15
429,17
430,141
431,142
433,142
437,144
438,2
439,15
440,17
441,145
443,1
447,147
448,2
449,15
450,17
451,148
453,1
457,150
458,2
459,15
460,17
461,151
463,1
467,153
468,2
469,15
470,17
471,154
473,155
474,2
475,13
477,3
486,157
487,2
488,15
489,17
490,158
492,3
497,160
498,2
499,15
500,17
501,161
503,3
508,163
509,2
510,15
511,17
512,164
513,165
522,167
523,2
524,15
525,17
526,168
528,1
533,170
534,2
535,15
536,17
537,171
539,1
544,173
545,2
546,15
547,17
548,174
550,1
562,176
563,2
564,15
565,17
566,177
568,3
573,179
574,2
575,15
576,17
577,180
579,7
584,182
585,2
586,15
587,17
588,1,5,28,36,37,183
590,7
595,185
596,2
597,15
598,17
599,186
601,187
602,17
606,189
607,2
608,15
609,17
610,190
612,1
621,192
622,2
623,15
624,17
625,193
627,3
632,195
633,2
634,15
635,17
636,196
638,3
643,198
644,2
645,15
646,17
647,199
649,200
650,2
651,13
660,202
661,2
662,15
663,17
664,203
666,3
671,205
672,2
673,15
674,17
675,206
677,7
682,208
683,2
684,15
685,17
686,209
688,2
693,211
694,2
695,15
696,17
697,212
698,213
700,213
705,215
706,2
707,15
708,17
709,216
711,7
716,218
717,2
718,15
719,17
720,219
722,220
723,2
724,13
733,222
734,2
735,15
736,17
737,223
739,224
740,2
741,13
750,226
751,2
752,15
753,17
754,227
756,228
757,2
758,13
767,230
768,2
769,15
770,17
771,231
773,2
778,233
779,2
780,15
781,17
782,234
784,2
789,236
790,2
791,15
792,17
793,237
795,2
800,239
801,2
802,15
803,17
804,240
806,1
811,242
812,2
813,15
814,17
815,243
817,1
822,245
823,2
824,15
825,17
826,246
831,248
832,2
833,15
834,17
835,249
837,250
838,2
839,13
841,7
846,252
847,2
848,15
849,17
850,253
852,254
853,2
854,13
863,256
864,2
865,15
866,17
867,257
869,7
874,259
875,2
876,15
877,17
878,260
880,7
884,262
885,2
886,15
887,17
888,263
890,3
899,265
900,2
901,15
902,17
903,266
905,266
910,268
911,2
912,15
913,17
914,269
916,269
921,271
922,2
923,15
924,17
925,272
927,3
932,274
933,2
934,15
935,17
936,275
938,3
943,277
944,2
945,15
946,17
947,278
949,2
954,280
955,2
956,15
957,17
958,281
960,2
965,283
966,2
967,15
968,17
969,284
971,2
976,286
977,2
978,15
979,17
980,287
982,7
987,289
988,2
989,15
990,17
991,290
993,3
998,292
999,2
1000,15
1001,17
1002,293
1004,2
1009,295
1010,2
1011,15
1012,17
1013,296
1015,3
1020,298
1021,2
1022,15
1023,17
1024,299
1026,300
1027,2
1028,13
1030,3
1035,302
1036,2
1037,15
1038,17
1039,303
1041,3
1046,305
1047,2
1048,15
1049,17
1050,306
1052,3
1057,308
1058,2
1059,15
1060,17
1061,309
1063,3
1068,311
1069,2
1070,15
1071,17
1072,312
1074,3
1079,314
1080,2
1081,15
1082,17
1083,315
1085,3
1090,317
1091,2
1092,15
1093,17
1094,318
1096,3
1105,320
1106,2
1107,15
1108,17
1109,321
1111,3
1116,323
1117,2
1118,15
1119,17
1120,324
1122,1
1146,326
1147,2
1148,15
1149,17
1150,327
1152,3
1157,329
1158,2
1159,15
1160,17
1161,330
1163,3
1168,332
1169,2
1170,15
1171,17
1172,333
1174,2
1179,335
1180,2
1181,15
1182,17
1183,336
1185,2
1190,338
1191,2
1192,15
1193,17
1194,339
1196,2
1201,341
1202,2
1203,15
1204,17
1205,342
1207,2
1235,344
1236,2
1237,15
1238,17
1239,345
1241,2
1245,347
1246,2
1247,15
1248,17
1249,348
1251,2
1255,350
1256,2
1257,15
1258,17
1259,351
1261,2
1265,353
1266,2
1267,15
1268,17
1269,354
1271,2
1275,356
1276,2
1277,15
1278,17
1279,357
1281,2
1285,359
1286,2
1287,15
1288,17
1289,360
1291,2
1295,362
1296,2
1297,15
1298,17
1299,363
1301,2
1305,365
1306,2
1307,15
1308,17
1309,366
1311,2
1315,368
1316,2
1317,15
1318,17
1319,369
1321,2
1325,371
1326,2
1327,15
1328,17
1329,372
1331,2
1335,374
1336,2
1337,15
1338,17
1339,375
1341,2
1345,377
1346,2
1347,15
1348,17
1349,378
1351,2
1355,380
1356,2
1357,15
1358,17
1359,381
1361,2
1365,383
1366,2
1367,15
1368,17
1369,384
1371,2
1375,386
1376,2
1377,15
1378,17
1379,387
1381,2
1385,389
1386,2
1387,15
1388,17
1389,390
1391,2
1395,392
1396,2
1397,15
1398,17
1399,393
1401,2
1405,395
1406,2
1407,15
1408,17
1409,396
1411,2
1415,398
1416,2
1417,15
1418,17
1419,399
1421,2
1425,401
1426,2
1427,15
1428,17
1429,402
1431,2
1435,404
1436,2
1437,15
1438,17
1439,405
1441,2
1450,407
1451,2
1452,15
1453,17
1454,408
1456,3
1461,410
1462,2
1463,15
1464,17
1465,411
1467,3
1472,413
1473,2
1474,15
1475,17
1476,414
1478,3
1483,416
1484,2
1485,15
1486,17
1487,417
1489,3
1494,419
1495,2
1496,15
1497,17
1498,420
1500,3
1505,422
1506,2
1507,15
1508,17
1509,423
1511,3
1516,425
1517,2
1518,15
1519,17
1520,426
1522,2
1527,428
1528,2
1529,15
1530,17
1531,429
1533,2
1538,431
1539,2
1540,15
1541,17
1542,432
1544,2
1549,434
1550,2
1551,15
1552,17
1553,435
1555,2
1560,437
1561,2
1562,15
1563,17
1564,438
1566,2
1571,440
1572,2
1573,15
1574,17
1575,441
1577,2
1582,443
1583,2
1584,15
1585,17
1586,444
1588,2
1593,446
1594,2
1595,15
1596,17
1597,447
1599,2
1604,449
1605,2
1606,15
1607,17
1608,450
1610,2
1615,452
1616,2
1617,15
1618,17
1619,453
1621,2
1626,455
1627,2
1628,15
1629,17
1630,456
1632,2
1637,458
1638,2
1639,15
1640,17
1641,459
1643,2
1648,461
1649,2
1650,15
1651,17
1652,462
1654,2
1659,464
1660,2
1661,15
1662,17
1663,465
1665,2
1670,467
1671,2
1672,15
1673,17
1674,468
1676,2
1681,470
1682,2
1683,15
1684,17
1685,471
1687,2
1692,473
1693,2
1694,15
1695,17
1696,474
1698,2
1703,476
1704,2
1705,15
1706,17
1707,477
1709,2
1714,479
1715,2
1716,15
1717,17
1718,480
1720,2
1725,482
1726,2
1727,15
1728,17
1729,483
1731,2
1736,485
1737,2
1738,15
1739,17
1740,486
1742,2
1747,488
1748,2
1749,15
1750,17
1751,489
1753,2
1758,491
1759,2
1760,15
1761,17
1762,492
1764,2
1769,494
1770,2
1771,15
1772,17
1773,495
1775,2
1780,497
1781,2
1782,15
1783,17
1784,498
1786,2
1791,500
1792,2
1793,15
1794,17
1795,501
1797,2
1802,503
1803,2
1804,15
1805,17
1806,504
1808,2
1813,506
1814,2
1815,15
1816,17
1817,507
1819,2
1824,509
1825,2
1826,15
1827,17
1828,510
1830,2
1835,512
1836,2
1837,15
1838,17
1839,513
1841,2
1846,515
1847,2
1848,15
1849,17
1850,516
1852,2
1857,518
1858,2
1859,15
1860,17
1861,519
1863,2
1868,521
1869,2
1870,15
1871,17
1872,522
1874,2
1879,524
1880,2
1881,15
1882,17
1883,525
1885,2
1890,527
1891,2
1892,15
1893,17
1894,528
1896,3
1901,530
1902,2
1903,15
1904,17
1905,531
1907,3
1912,533
1913,2
1914,15
1915,17
1916,534
1918,3
1927,536
1928,2
1929,15
1930,17
1931,537
1933,5,538
1936,2
1937,13
1939,3
1944,540
1945,2
1946,15
1947,17
1948,541
1950,1
1955,543
1956,2
1957,15
1958,17
1959,544
1961,3
1978,546
1979,2
1980,15
1981,17
1982,547
1984,3
1988,549
1989,2
1990,15
1991,17
1992,550
1994,551
1995,17
1999,553
2000,2
2001,15
2002,17
2003,554
2005,3
2007,555
2009,556
2010,2
2011,15
2012,17
2013,557,1823
2019,791
2024,559
2025,2
2026,15
2027,17
2028,560
2030,0
2035,562
2036,2
2037,15
2038,17
2039,563
2041,0
2046,565
2047,2
2048,15
2049,17
2050,566
2052,0
2057,568
2058,2
2059,15
2060,17
2061,569
2063,0
2068,571
2069,2
2070,15
2071,17
2072,572
2074,0
2079,574
2080,2
2081,15
2082,17
2083,575
2085,0
2090,577
2091,2
2092,15
2093,17
2094,578
2096,0
2114,715
2116,721
2131,580
2132,2
2133,15
2134,17
2135,581
2137,1821
2143,583
2144,2
2145,15
2146,17
2147,584
2149,1821
2155,586
2156,2
2157,15
2158,17
2159,587
2161,1820
2183,589
2184,2
2185,15
2186,17
2187,590
2189,0
2194,592
2195,2
2196,15
2197,17
2198,593
2200,0
2205,595
2206,2
2207,15
2208,17
2209,596
2211,0
2216,598
2217,2
2218,15
2219,17
2220,599
2222,0
2227,601
2228,2
2229,15
2230,17
2231,602
2233,0
2238,604
2239,2
2240,15
2241,17
2242,605
2244,0
2249,607
2250,2
2251,15
2252,17
2253,608
2255,0
2260,610
2261,2
2262,15
2263,17
2264,611
2266,0
2271,613
2272,2
2273,15
2274,17
2275,614
2277,0
2282,616
2283,2
2284,15
2285,17
2286,617
2288,0
2293,619
2294,2
2295,15
2296,17
2297,620
2299,1
2304,622
2305,2
2306,15
2307,17
2308,623
2310,1
2315,625
2316,2
2317,15
2318,17
2319,626
2321,0
2326,628
2327,2
2328,15
2329,17
2330,629
2332,0
2337,631
2338,2
2339,15
2340,17
2341,632
2343,0
2348,634
2349,2
2350,15
2351,17
2352,635
2354,0
2359,637
2360,2
2361,15
2362,17
2363,638
2365,1
2370,640
2371,2
2372,15
2373,17
2374,641
2376,1
2381,643
2382,2
2383,15
2384,17
2385,644
2387,0
2392,646
2393,2
2394,15
2395,17
2396,647
2398,0
2403,649
2404,2
2405,15
2406,17
2407,650
2409,1819
2411,724
2416,652
2417,2
2418,15
2419,17
2420,653
2422,0
2427,655
2428,2
2429,15
2430,17
2431,656
2433,0
2438,658
2439,2
2440,15
2441,17
2442,659
2444,0
2449,661
2450,2
2451,15
2452,17
2453,662
2455,0
2460,664
2461,2
2462,15
2463,17
2464,665
2466,0
2471,667
2472,2
2473,15
2474,17
2475,668
2477,1818
2479,730
2484,670
2485,2
2486,15
2487,17
2488,671
2490,1818
2496,673
2497,2
2498,15
2499,17
2500,674
2502,1818
2508,676
2509,2
2510,15
2511,17
2512,677
2514,0
2519,679
2520,2
2521,15
2522,17
2523,680
2525,0
2546,682
2547,2
2548,15
2549,17
2550,683
2552,0
2557,685
2558,2
2559,15
2560,17
2561,686
2563,687
2564,2
2565,13
2567,2
2588,689
2589,2
2590,15
2591,17
2592,690
2594,0
2599,692
2600,2
2601,15
2602,17
2603,693
2605,0
2610,695
2611,2
2612,15
2613,17
2614,696
2616,0
2621,698
2622,2
2623,15
2624,17
2625,699
2627,0
2632,701
2633,2
2634,15
2635,17
2636,702
2638,0
2643,704
2644,2
2645,15
2646,17
2647,705
2649,0
2654,707
2655,2
2656,15
2657,17
2658,708
2660,0
2665,710
2666,2
2667,15
2668,17
2669,711
2671,0
2676,713
2677,2
2678,15
2679,17
2680,714
2682,0
2685,716
2686,2
2687,15
2688,17
2689,717,1821
2694,719
2695,2
2696,15
2697,17
2698,720
2700,0
2703,722
2704,2
2705,15
2706,17
2707,723,1820
2710,725
2711,2
2712,15
2713,17
2714,726,1819
2764,727
2766,728
2767,2
2768,15
2769,17
2770,729
2778,743
2930,959
2932,1172
2934,1187
2936,1190
2938,1193
2940,1196
2942,1199
2944,1202
2946,1205
2948,1208
2950,1211
2952,1214
2954,1217
2956,1220
2958,1223
2960,1226
2962,1229
2964,1232
2966,1235
2968,1238
2970,1241
2972,1244
2974,1247
2976,1250
2978,1253
2980,1256
2982,1259
2984,1262
2986,1265
2988,1268
2990,1271
2992,1280
2994,1283
2996,1298
2998,1301
3000,1304
3002,1307
3004,1310
3006,1313
3008,1316
3010,1346
3012,1349
3014,1352
3016,1361
3018,1376
3020,1379
3022,1391
3024,1400
3026,1403
3028,1406
3030,1427
3032,1436
3034,1457
3036,1460
3038,1463
3040,1466
3042,1481
3044,1490
3046,1499
3048,1502
3050,1508
3052,1511
3054,1514
3056,1517
3058,1520
3060,1548
3075,731
3076,2
3077,15
3078,17
3079,732,1818
3095,733
3097,734
3098,2
3099,15
3100,17
3101,735
3122,737
3123,2
3124,15
3125,17
3126,738
3128,0
3133,740
3134,2
3135,15
3136,17
3137,741
3139,742
3140,2
3141,13
3143,2
3162,744
3163,2
3164,15
3165,17
3166,745,1817
3171,747
3172,2
3173,15
3174,17
3175,748
3177,0
3182,750
3183,2
3184,15
3185,17
3186,751
3188,0
3193,753
3194,2
3195,15
3196,17
3197,754
3199,0
3204,756
3205,2
3206,15
3207,17
3208,757
3210,0
3215,759
3216,2
3217,15
3218,17
3219,760
3221,0
3226,762
3227,2
3228,15
3229,17
3230,763
3232,0
3237,765
3238,2
3239,15
3240,17
3241,766
3243,0
3248,768
3249,2
3250,15
3251,17
3252,769
3254,0
3259,771
3260,2
3261,15
3262,17
3263,772
3265,0
3270,774
3271,2
3272,15
3273,17
3274,775
3276,0
3281,777
3282,2
3283,15
3284,17
3285,778
3287,0
3292,780
3293,2
3294,15
3295,17
3296,781
3298,0
3303,783
3304,2
3305,15
3306,17
3307,784
3309,0
3314,786
3315,2
3316,15
3317,17
3318,787
3320,0
3325,789
3326,2
3327,15
3328,17
3329,790
3331,0
3334,792,1815
3335,2
3336,15
3337,17
3338,793,1822
3355,795
3356,2
3357,15
3358,17
3359,796
3361,1823
3364,797
3366,798
3367,2
3368,15
3369,17
3370,799,1750
3532,821
3534,839
3536,878
3538,881
3541,1014
3543,1017
3545,1020
3547,1038
3549,1047
3615,1523
3869,801
3870,2
3871,15
3872,17
3873,802
3875,0
3880,804
3881,2
3882,15
3883,17
3884,805
3886,0
3899,807
3900,2
3901,15
3902,17
3903,808
3905,0
3922,810
3923,2
3924,15
3925,17
3926,811
3928,0
3930,812
3932,813
3933,2
3934,15
3935,17
3936,814,1739
3946,815
3948,816,1750
3949,2
3950,15
3951,17
3952,817,1738
3962,818
3964,819,1739
3965,2
3966,15
3967,17
3968,820
3979,822
3980,2
3981,15
3982,17
3983,823,1749
3988,825
3989,2
3990,15
3991,17
3992,826
3994,0
3999,828
4000,2
4001,15
4002,17
4003,829
4005,0
4010,831
4011,2
4012,15
4013,17
4014,832
4016,1
4021,834
4022,2
4023,15
4024,17
4025,835
4027,1
4032,837
4033,2
4034,15
4035,17
4036,838
4038,2
4041,840,1749
4042,2
4043,15
4044,17
4045,841,1748
4555,843
4556,2
4557,15
4558,17
4559,844
4561,1
4571,1050
4573,1102
4575,1124
5520,846
5521,2
5522,15
5523,17
5524,847
5526,2
5543,849
5544,2
5545,15
5546,17
5547,850
5549,1740,1741,1742,1743,1744,1745,1746,1747,1748,1751,1752,1753,1754,1755,1756,1757,1758,1759,1760,1761,1762,1763,1764,1765,1766,1767,1768,1769,1770,1771,1772,1773,1774,1775,1776,1777,1778,1779,1780,1781,1782,1783,1784,1785,1786,1787,1788,1789,1790,1791,1792,1793,1794,1795,1796,1797,1798,1799,1800,1801,1802,1803,1804,1805,1806,1807,1808,1809,1810,1811,1812,1813,1814,1815,1816
5777,852
5778,2
5779,15
5780,17
5781,853
5783,1740,1741,1742,1743,1744,1745,1746,1747,1748,1751,1752,1753,1754,1755,1756,1757,1758,1759,1760,1761,1762,1763,1764,1765,1766,1767,1768,1769,1770,1771,1772,1773,1774,1775,1776,1777,1778,1779,1780,1781,1782,1783,1784,1785,1786,1787,1788,1789,1790,1791,1792,1793,1794,1795,1796,1797,1798,1799,1800,1801,1802,1803,1804,1805,1806,1807,1808,1809,1810,1811,1812,1813,1814,1815,1816
6011,855
6012,2
6013,15
6014,17
6015,856
6017,1740,1741,1742,1743,1744,1745,1746,1747,1748,1751,1752,1753,1754,1755,1756,1757,1758,1759,1760,1761,1762,1763,1764,1765,1766,1767,1768,1769,1770,1771,1772,1773,1774,1775,1776,1777,1778,1779,1780,1781,1782,1783,1784,1785,1786,1787,1788,1789,1790,1791,1792,1793,1794,1795,1796,1797,1798,1799,1800,1801,1802,1803,1804,1805,1806,1807,1808,1809,1810,1811,1812,1813,1814,1815,1816
6245,858
6246,2
6247,15
6248,17
6249,859
6251,1740,1741,1742,1743,1744,1745,1746,1747,1748,1751,1752,1753,1754,1755,1756,1757,1758,1759,1760,1761,1762,1763,1764,1765,1766,1767,1768,1769,1770,1771,1772,1773,1774,1775,1776,1777,1778,1779,1780,1781,1782,1783,1784,1785,1786,1787,1788,1789,1790,1791,1792,1793,1794,1795,1796,1797,1798,1799,1800,1801,1802,1803,1804,1805,1806,1807,1808,1809,1810,1811,1812,1813,1814,1815,1816
6479,861
6480,2
6481,15
6482,17
6483,862
6485,1740,1741,1742,1743,1744,1745,1746,1747,1748,1751,1752,1753,1754,1755,1756,1757,1758,1759,1760,1761,1762,1763,1764,1765,1766,1767,1768,1769,1770,1771,1772,1773,1774,1775,1776,1777,1778,1779,1780,1781,1782,1783,1784,1785,1786,1787,1788,1789,1790,1791,1792,1793,1794,1795,1796,1797,1798,1799,1800,1801,1802,1803,1804,1805,1806,1807,1808,1809,1810,1811,1812,1813,1814,1815,1816
6713,864
6714,2
6715,15
6716,17
6717,865
6719,1
6724,867
6725,2
6726,15
6727,17
6728,868
6730,1
6735,870
6736,2
6737,15
6738,17
6739,871
6741,3
6746,873
6747,2
6748,15
6749,17
6750,874
6752,3
6757,876
6758,2
6759,15
6760,17
6761,877
6763,1
6766,879,1748
6767,2
6768,15
6769,17
6770,880,1747
6777,882,1748
6778,2
6779,15
6780,17
6781,883,1746
6790,885
6791,2
6792,15
6793,17
6794,886
6796,0
6801,888
6802,2
6803,15
6804,17
6805,889
6807,0
6813,938
7035,891
7036,2
7037,15
7038,17
7039,892
7041,1735,1736,1737
7053,894
7054,2
7055,15
7056,17
7057,895
7059,1735,1736,1737
7071,897
7072,2
7073,15
7074,17
7075,898
7077,1735,1736,1737
7089,900
7090,2
7091,15
7092,17
7093,901
7095,5,1751,1752,1753,1754,1755,1756,1757,1758,1759,1760,1761,1762,1763,1764,1765,1766,1767,1768,1769,1770,1771,1772,1773,1774,1775,1776,1777,1778,1779,1780,1781,1782,1783,1784,1785,1786,1787,1788,1789,1790,1791,1792,1793,1794,1795,1796,1797,1798,1799,1800,1801,1802,1803,1804,1805,1806,1807,1808,1809,1810,1811,1812,1813,1814,1815,1816
7298,903
7299,2
7300,15
7301,17
7302,904
7304,1751,1752,1753,1754,1755,1756,1757,1758,1759,1760,1761,1762,1763,1764,1765,1766,1767,1768,1769,1770,1771,1772,1773,1774,1775,1776,1777,1778,1779,1780,1781,1782,1783,1784,1785,1786,1787,1788,1789,1790,1791,1792,1793,1794,1795,1796,1797,1798,1799,1800,1801,1802,1803,1804,1805,1806,1807,1808,1809,1810,1811,1812,1813,1814,1815,1816
7505,906
7506,2
7507,15
7508,17
7509,907
7511,1751,1752,1753,1754,1755,1756,1757,1758,1759,1760,1761,1762,1763,1764,1765,1766,1767,1768,1769,1770,1771,1772,1773,1774,1775,1776,1777,1778,1779,1780,1781,1782,1783,1784,1785,1786,1787,1788,1789,1790,1791,1792,1793,1794,1795,1796,1797,1798,1799,1800,1801,1802,1803,1804,1805,1806,1807,1808,1809,1810,1811,1812,1813,1814,1815,1816
7712,909
7713,2
7714,15
7715,17
7716,910
7718,1747
7724,912
7725,2
7726,15
7727,17
7728,913
7730,1742
7736,915
7737,2
7738,15
7739,17
7740,916
7742,1741
7748,918
7749,2
7750,15
7751,17
7752,919
7754,1744
7760,921
7761,2
7762,15
7763,17
7764,922
7766,1740,1741,1742,1743,1744,1745,1746,1747,1748,1751,1752,1753,1754,1755,1756,1757,1758,1759,1760,1761,1762,1763,1764,1765,1766,1767,1768,1769,1770,1771,1772,1773,1774,1775,1776,1777,1778,1779,1780,1781,1782,1783,1784,1785,1786,1787,1788,1789,1790,1791,1792,1793,1794,1795,1796,1797,1798,1799,1800,1801,1802,1803,1804,1805,1806,1807,1808,1809,1810,1811,1812,1813,1814,1815,1816
7994,924
7995,2
7996,15
7997,17
7998,925
8000,1740,1741,1742,1743,1744,1745,1746,1747,1748,1751,1752,1753,1754,1755,1756,1757,1758,1759,1760,1761,1762,1763,1764,1765,1766,1767,1768,1769,1770,1771,1772,1773,1774,1775,1776,1777,1778,1779,1780,1781,1782,1783,1784,1785,1786,1787,1788,1789,1790,1791,1792,1793,1794,1795,1796,1797,1798,1799,1800,1801,1802,1803,1804,1805,1806,1807,1808,1809,1810,1811,1812,1813,1814,1815,1816
8228,927
8229,2
8230,15
8231,17
8232,928
8234,1732,1733,1738,1750
8244,1083
8246,1089
8254,1572
8507,1053
8509,1098
8511,1105
8513,1121
8588,930
8589,2
8590,15
8591,17
8592,931
8594,1735,1736,1737
8610,933
8611,2
8612,15
8613,17
8614,934
8616,0
8621,936
8622,2
8623,15
8624,17
8625,937
8627,0
8635,1671
9016,939
9017,2
9018,15
9019,17
9020,940,1734
9025,942
9026,2
9027,15
9028,17
9029,943
9031,1
9036,945
9037,2
9038,15
9039,17
9040,946
9042,1745
9048,948
9049,2
9050,15
9051,17
9052,949
9054,1740,1746
9063,951
9064,2
9065,15
9066,17
9067,952
9069,1740,1746
9078,954
9079,2
9080,15
9081,17
9082,955
9084,0
9089,957
9090,2
9091,15
9092,17
9093,958
9105,960,1748
9106,2
9107,15
9108,17
9109,961,1816
9138,2
9139,13
9141,1725
9143,1011
9148,964
9149,2
9150,15
9151,17
9152,965
9154,3,5
9161,967
9162,2
9163,15
9164,17
9165,968
9167,3,5
9174,970
9175,2
9176,15
9177,17
9178,971
9180,0
9185,973
9186,2
9187,15
9188,17
9189,974
9191,0
9196,976
9197,2
9198,15
9199,17
9200,977
9202,0
9207,979
9208,2
9209,15
9210,17
9211,980
9213,0
9218,982
9219,2
9220,15
9221,17
9222,983
9224,1
9229,985
9230,2
9231,15
9232,17
9233,986
9235,1
9240,988
9241,2
9242,15
9243,17
9244,989
9246,1735,1736,1737
9258,991
9259,2
9260,15
9261,17
9262,992
9264,1735,1736,1737
9276,994
9277,2
9278,15
9279,17
9280,995
9282,1735,1736,1737
10120,997
10121,2
10122,15
10123,17
10124,998
10126,1724
10128,1005
10133,1000
10134,2
10135,15
10136,17
10137,1001
10139,1723
10141,1008
10146,1003
10147,2
10148,15
10149,17
10150,1004
10152,0
10187,1006
10188,2
10189,15
10190,17
10191,1007,1724
10204,1009
10205,2
10206,15
10207,17
10208,1010,1723
10235,1012
10236,2
10237,15
10238,17
10239,1013,1725
10266,1015,1748
10267,2
10268,15
10269,17
10270,1016,1745
10289,1018,1748
10290,2
10291,15
10292,17
10293,1019,1744
10308,1021,1748
10309,2
10310,15
10311,17
10312,1022,1743
10329,1024
10330,2
10331,15
10332,17
10333,1025
10335,3
10340,1027
10341,2
10342,15
10343,17
10344,1028
10346,0
10351,1030
10352,2
10353,15
10354,17
10355,1031
10357,0
10362,1033
10363,2
10364,15
10365,17
10366,1034
10368,0
10373,1036
10374,2
10375,15
10376,17
10377,1037
10379,0
10382,1039,1743
10383,2
10384,15
10385,17
10386,1040,1742
10395,1042
10396,2
10397,15
10398,17
10399,1043
10401,1742
10411,1045
10412,2
10413,15
10414,17
10415,1046
10417,5,1742
10423,1048,1743
10424,2
10425,15
10426,17
10427,1049,1741
10434,1051
10435,2
10436,15
10437,17
10438,1052,1737
10675,1054
10676,2
10677,15
10678,17
10679,1055,1730
11091,1056
11093,1057
11094,2
11095,15
11096,17
11097,1058,1722
11113,1060
11114,2
11115,15
11116,17
11117,1061
11119,1
11121,1062
11123,1063
11124,2
11125,15
11126,17
11127,1064,1721
11143,1066
11144,2
11145,15
11146,17
11147,1067
11149,1
11154,1069
11155,2
11156,15
11157,17
11158,1070
11160,0
11165,1072
11166,2
11167,15
11168,17
11169,1073
11171,0
11176,1075
11177,2
11178,15
11179,17
11180,1076
11182,1
11187,1078
11188,2
11189,15
11190,17
11191,1079
11193,3
11195,1080
11197,1081,1721
11198,2
11199,15
11200,17
11201,1082,1720
11212,1084,1750
11213,2
11214,15
11215,17
11216,1085,1733
11234,1087
11235,2
11236,15
11237,17
11238,1088
11240,0
11243,1090,1733
11244,2
11245,15
11246,17
11247,1091,1732
11526,1093
11527,2
11528,15
11529,17
11530,1094
11532,0
11537,1096
11538,2
11539,15
11540,17
11541,1097
11543,1
11546,1099,1730
11547,2
11548,15
11549,17
11550,1100,1729
11562,17
11565,1103,1737
11566,2
11567,15
11568,17
11569,1104,1736
11580,1106,1730
11581,2
11582,15
11583,17
11584,1107,1728
11600,17
11605,1110
11606,2
11607,15
11608,17
11609,1111
11611,0
11616,1113
11617,2
11618,15
11619,17
11620,1114
11622,0
11627,1116
11628,2
11629,15
11630,17
11631,1117
11633,0
11638,1119
11639,2
11640,15
11641,17
11642,1120
11644,0
11651,1122,1730
11652,2
11653,15
11654,17
11655,1123,1727
11675,1125,1737
11676,2
11677,15
11678,17
11679,1126,1735
11688,1128
11689,2
11690,15
11691,17
11692,1129
11698,1130
11700,1131
11701,2
11702,15
11703,17
11704,1132,1719
11714,1134
11715,2
11716,15
11717,17
11718,1135
11720,0
11725,1137
11726,2
11727,15
11728,17
11729,1138
11731,0
11736,1140
11737,2
11738,15
11739,17
11740,1141
11742,0
11744,1142
11746,1143
11747,2
11748,15
11749,17
11750,1144
11760,1146
11761,2
11762,15
11763,17
11764,1147
11766,0
11771,1149
11772,2
11773,15
11774,17
11775,1150
11777,0
11782,1152
11783,2
11784,15
11785,17
11786,1153
11788,0
11790,1154
11792,1155
11793,2
11794,15
11795,17
11796,1156,1718
11809,1158
11810,2
11811,15
11812,17
11813,1159
11815,3
11820,1161
11821,2
11822,15
11823,17
11824,1162
11826,3
11831,1164
11832,2
11833,15
11834,17
11835,1165
11837,3
11842,1167
11843,2
11844,15
11845,17
11846,1168
11848,0
11853,1170
11854,2
11855,15
11856,17
11857,1171
11859,3
12274,1173,1816
12275,2
12276,15
12277,17
12278,1174,1815
12295,1176
12296,2
12297,15
12298,17
12299,1177
12301,0
12382,1179
12383,2
12384,15
12385,17
12386,1180
12388,0
12397,1182
12398,2
12399,15
12400,17
12401,1183
12403,0
12408,1185
12409,2
12410,15
12411,17
12412,1186
12414,0
12872,1188,1815
12873,2
12874,15
12875,17
12876,1189,1814
12883,1191,1815
12884,2
12885,15
12886,17
12887,1192,1813
12894,1194,1815
12895,2
12896,15
12897,17
12898,1195,1812
12905,1197,1815
12906,2
12907,15
12908,17
12909,1198,1811
12920,1200,1815
12921,2
12922,15
12923,17
12924,1201,1810
12939,1203,1815
12940,2
12941,15
12942,17
12943,1204,1809
12987,1206,1815
12988,2
12989,15
12990,17
12991,1207,1808
13010,1209,1815
13011,2
13012,15
13013,17
13014,1210,1807
13037,1212,1815
13038,2
13039,15
13040,17
13041,1213,1806
13072,1215,1815
13073,2
13074,15
13075,17
13076,1216,1805
13223,1218,1815
13224,2
13225,15
13226,17
13227,1219,1804
13234,1221,1815
13235,2
13236,15
13237,17
13238,1222,1803
13245,1224,1815
13246,2
13247,15
13248,17
13249,1225,1802
13256,1227,1815
13257,2
13258,15
13259,17
13260,1228,1801
13267,1230,1815
13268,2
13269,15
13270,17
13271,1231,1800
13282,1233,1815
13283,2
13284,15
13285,17
13286,1234,1799
13305,1236,1815
13306,2
13307,15
13308,17
13309,1237,1798
13316,1239,1815
13317,2
13318,15
13319,17
13320,1240,1797
13331,1242,1815
13332,2
13333,15
13334,17
13335,1243,1796
13342,1245,1815
13343,2
13344,15
13345,17
13346,1246,1795
13353,1248,1815
13354,2
13355,15
13356,17
13357,1249,1794
13436,1251,1815
13437,2
13438,15
13439,17
13440,1252,1793
13462,1254,1815
13463,2
13464,15
13465,17
13466,1255,1792
13473,1257,1815
13474,2
13475,15
13476,17
13477,1258,1791
13484,1260,1815
13485,2
13486,15
13487,17
13488,1261,1790
13503,1263,1815
13504,2
13505,15
13506,17
13507,1264,1789
13554,1266,1815
13555,2
13556,15
13557,17
13558,1267,1788
13611,1269,1815
13612,2
13613,15
13614,17
13615,1270,1787
13638,1272,1815
13639,2
13640,15
13641,17
13642,1273,1786
13708,1505
13717,1275
13718,2
13719,15
13720,17
13721,1276
13723,1
13728,1278
13729,2
13730,15
13731,17
13732,1279
13734,0
13737,1281,1815
13738,2
13739,15
13740,17
13741,1282,1785
13756,1284
13757,2
13758,15
13759,17
13760,1285,1784
13765,1287
13766,2
13767,15
13768,17
13769,1288
13771,1
13776,1290
13777,2
13778,15
13779,17
13780,1291
13782,0
13787,1293
13788,2
13789,15
13790,17
13791,1294
13793,0
13798,1296
13799,2
13800,15
13801,17
13802,1297
13804,0
13807,1299,1784
13808,2
13809,15
13810,17
13811,1300,1783
13838,1302,1784
13839,2
13840,15
13841,17
13842,1303,1782
13849,1305,1815
13850,2
13851,15
13852,17
13853,1306,1781
13872,1308,1815
13873,2
13874,15
13875,17
13876,1309,1780
13909,1311,1815
13910,2
13911,15
13912,17
13913,1312,1779
13952,1314,1815
13953,2
13954,15
13955,17
13956,1315,1778
14043,1317,1815
14044,2
14045,15
14046,17
14047,1318,1777
14063,1320
14064,2
14065,15
14066,17
14067,1321
14069,1751,1752,1753,1754,1755,1756,1757,1758,1759,1760,1761,1762,1763,1764,1765,1766,1767,1768,1769,1770,1771,1772,1773,1774,1775,1776,1777,1778,1779,1780,1781,1782,1783,1784,1785,1786,1787,1788,1789,1790,1791,1792,1793,1794,1795,1796,1797,1798,1799,1800,1801,1802,1803,1804,1805,1806,1807,1808,1809,1810,1811,1812,1813,1814,1815,1822
14270,1323
14271,2
14272,15
14273,17
14274,1324
14276,0
14288,1326
14289,2
14290,15
14291,17
14292,1327
14294,1751,1752,1753,1754,1755,1756,1757,1758,1759,1760,1761,1762,1763,1764,1765,1766,1767,1768,1769,1770,1771,1772,1773,1774,1775,1776,1777,1778,1779,1780,1781,1782,1783,1784,1785,1786,1787,1788,1789,1790,1791,1792,1793,1794,1795,1796,1797,1798,1799,1800,1801,1802,1803,1804,1805,1806,1807,1808,1809,1810,1811,1812,1813,1814,1815,1822
14495,1329
14496,2
14497,15
14498,17
14499,1330
14501,0
14513,1332
14514,2
14515,15
14516,17
14517,1333
14519,1751,1752,1753,1754,1755,1756,1757,1758,1759,1760,1761,1762,1763,1764,1765,1766,1767,1768,1769,1770,1771,1772,1773,1774,1775,1776,1777,1778,1779,1780,1781,1782,1783,1784,1785,1786,1787,1788,1789,1790,1791,1792,1793,1794,1795,1796,1797,1798,1799,1800,1801,1802,1803,1804,1805,1806,1807,1808,1809,1810,1811,1812,1813,1814,1815,1822
14720,1335
14721,2
14722,15
14723,17
14724,1336
14726,0
14745,1338
14746,2
14747,15
14748,17
14749,1339
14751,1751,1752,1753,1754,1755,1756,1757,1758,1759,1760,1761,1762,1763,1764,1765,1766,1767,1768,1769,1770,1771,1772,1773,1774,1775,1776,1777,1778,1779,1780,1781,1782,1783,1784,1785,1786,1787,1788,1789,1790,1791,1792,1793,1794,1795,1796,1797,1798,1799,1800,1801,1802,1803,1804,1805,1806,1807,1808,1809,1810,1811,1812,1813,1814,1815,1822
14966,1341
14967,2
14968,15
14969,17
14970,1342
14972,1751,1752,1753,1754,1755,1756,1757,1758,1759,1760,1761,1762,1763,1764,1765,1766,1767,1768,1769,1770,1771,1772,1773,1774,1775,1776,1777,1778,1779,1780,1781,1782,1783,1784,1785,1786,1787,1788,1789,1790,1791,1792,1793,1794,1795,1796,1797,1798,1799,1800,1801,1802,1803,1804,1805,1806,1807,1808,1809,1810,1811,1812,1813,1814,1815,1822
15173,1344
15174,2
15175,15
15176,17
15177,1345
15179,0
15186,1347,1815
15187,2
15188,15
15189,17
15190,1348,1776
15197,1350,1815
15198,2
15199,15
15200,17
15201,1351,1775
15212,1353,1815
15213,2
15214,15
15215,17
15216,1354,1774
15239,1356
15240,2
15241,15
15242,17
15243,1357
15245,1751,1752,1753,1754,1755,1756,1757,1758,1759,1760,1761,1762,1763,1764,1765,1766,1767,1768,1769,1770,1771,1772,1773,1774,1775,1776,1777,1778,1779,1780,1781,1782,1783,1784,1785,1786,1787,1788,1789,1790,1791,1792,1793,1794,1795,1796,1797,1798,1799,1800,1801,1802,1803,1804,1805,1806,1807,1808,1809,1810,1811,1812,1813,1814,1815,1822
15446,1359
15447,2
15448,15
15449,17
15450,1360
15452,0
15455,1362,1815
15456,2
15457,15
15458,17
15459,1363,1773
15490,1365
15491,2
15492,15
15493,17
15494,1366
15496,1751,1752,1753,1754,1755,1756,1757,1758,1759,1760,1761,1762,1763,1764,1765,1766,1767,1768,1769,1770,1771,1772,1773,1774,1775,1776,1777,1778,1779,1780,1781,1782,1783,1784,1785,1786,1787,1788,1789,1790,1791,1792,1793,1794,1795,1796,1797,1798,1799,1800,1801,1802,1803,1804,1805,1806,1807,1808,1809,1810,1811,1812,1813,1814,1815,1822
15697,1368
15698,2
15699,15
15700,17
15701,1369
15703,0
15705,1370
15707,1371,1772
15708,2
15709,15
15710,17
15711,1372
15717,1373
15719,1374,1772
15720,2
15721,15
15722,17
15723,1375
15734,1377,1815
15735,2
15736,15
15737,17
15738,1378,1772
15762,1380,1815
15763,2
15764,15
15765,17
15766,1381,1771
15820,1383
15821,2
15822,15
15823,17
15824,1384
15826,0
15831,1386
15832,2
15833,15
15834,17
15835,1387
15837,0
15842,1389
15843,2
15844,15
15845,17
15846,1390
15848,1
15851,1392,1815
15852,2
15853,15
15854,17
15855,1393,1770
15901,1395
15902,2
15903,15
15904,17
15905,1396
15907,1
15912,1398
15913,2
15914,15
15915,17
15916,1399
15918,0
15921,1401,1815
15922,2
15923,15
15924,17
15925,1402,1769
15939,1404,1815
15940,2
15941,15
15942,17
15943,1405,1768
16163,1407,1815
16164,2
16165,15
16166,17
16167,1408,1767
16533,1410
16534,2
16535,15
16536,17
16537,1411
16539,0
16544,1413
16545,2
16546,15
16547,17
16548,1414
16550,0
16568,1416
16569,2
16570,15
16571,17
16572,1417
16574,1
16579,1419
16580,2
16581,15
16582,17
16583,1420
16585,0
16601,1422
16602,2
16603,15
16604,17
16605,1423
16607,0
16624,1425
16625,2
16626,15
16627,17
16628,1426
16630,0
16633,1428,1815
16634,2
16635,15
16636,17
16637,1429,1766
16706,1431
16707,2
16708,15
16709,17
16710,1432
16712,1
16717,1434
16718,2
16719,15
16720,17
16721,1435
16723,0
16737,1437,1815
16738,2
16739,15
16740,17
16741,1438,1765
16794,1440
16795,2
16796,15
16797,17
16798,1441
16800,7
16805,1443
16806,2
16807,15
16808,17
16809,1444
16811,0
16816,1446
16817,2
16818,15
16819,17
16820,1447
16822,0
16827,1449
16828,2
16829,15
16830,17
16831,1450
16833,0
16873,1452
16874,2
16875,15
16876,17
16877,1453
16879,1
16884,1455
16885,2
16886,15
16887,17
16888,1456
16890,0
16904,1458,1815
16905,2
16906,15
16907,17
16908,1459,1764
16929,1461,1815
16930,2
16931,15
16932,17
16933,1462,1763
16948,1464,1815
16949,2
16950,15
16951,17
16952,1465,1762
16994,1467,1815
16995,2
16996,15
16997,17
16998,1468,1761
17087,1470
17088,2
17089,15
17090,17
17091,1471
17093,1
17098,1473
17099,2
17100,15
17101,17
17102,1474
17104,0
17120,1476
17121,2
17122,15
17123,17
17124,1477
17126,0
17143,1479
17144,2
17145,15
17146,17
17147,1480
17149,0
17152,1482,1815
17153,2
17154,15
17155,17
17156,1483,1760
17209,1485
17210,2
17211,15
17212,17
17213,1486
17215,1
17220,1488
17221,2
17222,15
17223,17
17224,1489
17226,0
17240,1491,1815
17241,2
17242,15
17243,17
17244,1492,1759
17294,1494
17295,2
17296,15
17297,17
17298,1495
17300,1
17305,1497
17306,2
17307,15
17308,17
17309,1498
17311,0
17325,1500,1815
17326,2
17327,15
17328,17
17329,1501,1758
17359,1503,1815
17360,2
17361,15
17362,17
17363,1504,1757
17405,1506
17406,2
17407,15
17408,17
17409,1507,1717
17448,1509,1815
17449,2
17450,15
17451,17
17452,1510,1756
17463,1512,1815
17464,2
17465,15
17466,17
17467,1513,1755
17498,1515,1815
17499,2
17500,15
17501,17
17502,1516,1754
17517,1518,1815
17518,2
17519,15
17520,17
17521,1519,1753
17662,1521,1815
17663,2
17664,15
17665,17
17666,1522,1752
17722,1524,1746
17723,2
17724,15
17725,17
17726,1525,1740
17735,2
17736,13
17738,1740,1741,1742,1743,1744,1745,1746,1747,1748,1751,1752,1753,1754,1755,1756,1757,1758,1759,1760,1761,1762,1763,1764,1765,1766,1767,1768,1769,1770,1771,1772,1773,1774,1775,1776,1777,1778,1779,1780,1781,1782,1783,1784,1785,1786,1787,1788,1789,1790,1791,1792,1793,1794,1795,1796,1797,1798,1799,1800,1801,1802,1803,1804,1805,1806,1807,1808,1809,1810,1811,1812,1813,1814,1815,1816
17967,1557
17973,1551
17978,1528
17979,2
17980,15
17981,17
17982,1529
17984,1751
17990,1531
17991,2
17992,15
17993,17
17994,1532
17996,1714
17998,1620
18293,1534
18294,2
18295,15
18296,17
18297,1535
18299,0
18304,1537
18305,2
18306,15
18307,17
18308,1538
18310,0
18315,1540
18316,2
18317,15
18318,17
18319,1541
18321,0
18326,1543
18327,2
18328,15
18329,17
18330,1544
18332,0
18337,1546
18338,2
18339,15
18340,17
18341,1547
18343,1735,1736,1737
18357,1549,1815
18358,2
18359,15
18360,17
18361,1550,1751
18372,1552
18373,2
18374,15
18375,17
18376,1553,1715
18385,1555
18386,2
18387,15
18388,17
18389,1556
18391,1751
18395,1558
18396,2
18397,15
18398,17
18399,1559,1716
18878,1561
18879,2
18880,15
18881,17
18882,1562
18884,1714
18890,1564
18891,2
18892,15
18893,17
18894,1565
18896,1714
18902,1567
18903,2
18904,15
18905,17
18906,1568
18908,0
18910,1569
18912,1570,1784
18913,2
18914,15
18915,17
18916,1571
18943,1573
18944,2
18945,15
18946,17
18947,1574,1731
18956,1576
18957,2
18958,15
18959,17
18960,1577
18962,3
18967,1579
18968,2
18969,15
18970,17
18971,1580
18973,0
18978,1582
18979,2
18980,15
18981,17
18982,1583
18984,0
18989,1585
18990,2
18991,15
18992,17
18993,1586
18995,0
19025,1587
19027,1588
19028,2
19029,15
19030,17
19031,1589,1713
19036,1591
19037,2
19038,15
19039,17
19040,1592
19042,0
19047,1594
19048,2
19049,15
19050,17
19051,1595
19053,0
19058,1597
19059,2
19060,15
19061,17
19062,1598
19064,0
19066,1599
19068,1600
19069,2
19070,15
19071,17
19072,1601,1712
19094,1602
19100,1614
19103,1603
19104,2
19105,15
19106,17
19107,1604,1711
19116,1605
19123,1606
19124,2
19125,15
19126,17
19127,1607,1709
19148,1609
19149,2
19150,15
19151,17
19152,1610
19154,3
19159,1612
19160,2
19161,15
19162,17
19163,1613
19165,3
19168,1615
19169,2
19170,15
19171,17
19172,1616,1710
19181,1617
19196,1618
19197,2
19198,15
19199,17
19200,1619,1708
19220,1621
19221,2
19222,15
19223,17
19224,1622,1714
19922,1624
19923,2
19924,15
19925,17
19926,1625
19928,1747
19934,1627
19935,2
19936,15
19937,17
19938,1628
19940,0
19945,1630
19946,2
19947,15
19948,17
19949,1631
19951,1747
19957,1633
19958,2
19959,15
19960,17
19961,1634
19963,0
19968,1636
19969,2
19970,15
19971,17
19972,1637
19974,0
19979,1639
19980,2
19981,15
19982,17
19983,1640
19985,0
19990,1642
19991,2
19992,15
19993,17
19994,1643
19996,2
20001,1645
20002,2
20003,15
20004,17
20005,1646
20007,0
20012,1648
20013,2
20014,15
20015,17
20016,1649
20018,0
20023,1651
20024,2
20025,15
20026,17
20027,1652
20029,1
20034,1654
20035,2
20036,15
20037,17
20038,1655
20040,1714
20051,1656
20053,1657
20054,2
20055,15
20056,17
20057,1658,1707
20102,1660
20103,2
20104,15
20105,17
20106,1661
20108,0
20113,1663
20114,2
20115,15
20116,17
20117,1664
20119,0
20129,1665
20131,1666
20132,2
20133,15
20134,17
20135,1667
20140,1669
20141,2
20142,15
20143,17
20144,1670
20146,3
20149,1672
20150,2
20151,15
20152,5,17
20153,6,1673,1726
20232,1675
20233,2
20234,15
20235,17
20236,1676
20246,1678
20247,2
20248,15
20249,17
20250,1679
20252,6,1673,1726
20253,6,1673,1726
20258,1681
20259,2
20260,15
20261,17
20262,1682
20267,1684
20268,2
20269,15
20270,17
20271,1685
20276,1687
20277,2
20278,15
20279,17
20280,1688
20285,1690
20286,2
20287,15
20288,17
20289,1691
20294,1693
20295,2
20296,15
20297,17
20298,1694
20303,1696
20304,2
20305,15
20306,17
20307,1697
20312,1699
20313,2
20314,15
20315,17
20316,1700
20321,1702
20322,2
20323,15
20324,17
20325,1703
20330,1705
20331,2
20332,15
20333,17
20334,1706
20336,1718
20354,1301
20359,1740
20361,1731
20362,2
20363,2
20364,1707
20365,1
20366,1
20367,2
20368,2
20369,2
20370,2
20371,3
20372,1712
20373,1713
20374,6,1673,1726
20375,6,1673,1726
20376,6,1673,1726
20377,6,1673,1726
20378,6,1673,1726
20379,6,1673,1726
20380,2
20381,5
20385,1668
20388,1657
20390,2
20393,2
20396,2
20399,2
20402,2
20405,2
20408,2
20411,2
20414,2
20417,2
20420,1659
20423,1662
20426,1
20429,1
20432,1618
20434,3
20437,1709
20440,3
20443,3
20446,1606
20448,3
20449,3
20452,3
20455,3
20458,1608
20461,1611
20464,1615
20466,5,1708
20469,2
20472,1603
20474,5,1709
20475,2
20476,1600
20478,3
20481,3
20484,3
20487,3
20490,1711
20493,1710
20496,1588
20498,1590
20501,1593
20504,1596
20507,3
20508,3
20511,2
20514,2
20517,3
20518,1621
20520,1
20523,1740,1741,1742,1743,1744,1745,1746,1747,1748,1751,1752,1753,1754,1755,1756,1757,1758,1759,1760,1761,1762,1763,1764,1765,1766,1767,1768,1769,1770,1771,1772,1773,1774,1775,1776,1777,1778,1779,1780,1781,1782,1783,1784,1785,1786,1787,1788,1789,1790,1791,1792,1793,1794,1795,1796,1797,1798,1799,1800,1801,1802,1803,1804,1805,1806,1807,1808,1809,1810,1811,1812,1813,1814,1815,1816
20526,1740,1741,1742,1743,1744,1745,1746,1747,1748,1751,1752,1753,1754,1755,1756,1757,1758,1759,1760,1761,1762,1763,1764,1765,1766,1767,1768,1769,1770,1771,1772,1773,1774,1775,1776,1777,1778,1779,1780,1781,1782,1783,1784,1785,1786,1787,1788,1789,1790,1791,1792,1793,1794,1795,1796,1797,1798,1799,1800,1801,1802,1803,1804,1805,1806,1807,1808,1809,1810,1811,1812,1813,1814,1815,1816
20529,2
20532,1740,1741,1742,1743,1744,1745,1746,1747,1748,1751,1752,1753,1754,1755,1756,1757,1758,1759,1760,1761,1762,1763,1764,1765,1766,1767,1768,1769,1770,1771,1772,1773,1774,1775,1776,1777,1778,1779,1780,1781,1782,1783,1784,1785,1786,1787,1788,1789,1790,1791,1792,1793,1794,1795,1796,1797,1798,1799,1800,1801,1802,1803,1804,1805,1806,1807,1808,1809,1810,1811,1812,1813,1814,1815,1816
20535,2
20538,1623
20541,1626
20544,1629
20547,1632
20550,1635
20553,1638
20556,1641
20559,1644
20562,1647
20565,1650
20568,1653
20571,3
20574,3
20577,1552
20579,2
20580,1554
20581,1558
20583,1740,1741,1742,1743,1744,1745,1746,1747,1748,1751,1752,1753,1754,1755,1756,1757,1758,1759,1760,1761,1762,1763,1764,1765,1766,1767,1768,1769,1770,1771,1772,1773,1774,1775,1776,1777,1778,1779,1780,1781,1782,1783,1784,1785,1786,1787,1788,1789,1790,1791,1792,1793,1794,1795,1796,1797,1798,1799,1800,1801,1802,1803,1804,1805,1806,1807,1808,1809,1810,1811,1812,1813,1814,1815,1816
20586,2
20589,1740,1741,1742,1743,1744,1745,1746,1747,1748,1751,1752,1753,1754,1755,1756,1757,1758,1759,1760,1761,1762,1763,1764,1765,1766,1767,1768,1769,1770,1771,1772,1773,1774,1775,1776,1777,1778,1779,1780,1781,1782,1783,1784,1785,1786,1787,1788,1789,1790,1791,1792,1793,1794,1795,1796,1797,1798,1799,1800,1801,1802,1803,1804,1805,1806,1807,1808,1809,1810,1811,1812,1813,1814,1815,1816
20592,2
20595,1
20598,2
20601,3
20602,1560
20605,1563
20608,1566
20611,3
20614,1506
20616,1
20619,1
20622,1
20625,1
20628,1
20631,1
20634,1
20637,1
20640,1
20643,1155
20645,3
20648,2
20649,1157
20650,1160
20653,1163
20656,1166
20659,1169
20662,3
20665,3
20668,3
20671,3
20674,3
20677,3
20680,3
20683,3
20686,3
20689,3
20692,3
20695,3
20698,3
20701,3
20704,3
20707,3
20710,3
20713,3
20716,3
20719,3
20722,3
20725,3
20728,3
20731,3
20734,3
20737,3
20740,3
20743,3
20746,3
20749,3
20752,3
20753,3
20756,3
20759,3
20762,3
20765,3
20768,3
20771,3
20774,3
20777,3
20780,3
20783,3
20786,3
20789,3
20792,3
20795,3
20798,3
20801,3
20804,3
20807,3
20808,3
20809,3
20812,3
20815,3
20818,3
20821,3
20824,3
20827,3
20830,3
20833,3
20836,3
20839,3
20842,3
20845,3
20848,3
20851,3
20854,3
20857,3
20860,3
20863,3
20866,3
20869,3
20872,3
20875,3
20878,3
20881,3
20884,3
20887,3
20890,3
20893,3
20896,3
20899,3
20902,3
20905,3
20908,3
20911,3
20914,3
20917,3
20920,3
20923,3
20926,3
20929,3
20932,3
20935,3
20938,3
20939,3
20942,3
20945,3
20948,3
20951,3
20954,3
20955,3
20958,3
20961,3
20962,1145,1148,1151
20965,1131
20967,3
20968,1133,1136,1139
20969,1081,1721
20971,3
20974,1063
20976,3
20977,2
20978,3,5
20979,1065
20982,1068
20985,1071
20988,1074
20991,1077
20993,1057
20995,2
20996,3,5
20997,1059
20998,1009
21000,2
21001,2
21002,2
21003,2
21004,2
21005,2
21006,1006
21008,2
21009,1723
21010,1012
21012,3,5
21015,3,5
21018,3
21021,3
21022,3
21023,1672
21026,1740
21029,1740
21030,1731
21033,1731
21034,2
21037,2
21038,2
21041,2
21042,1707
21045,1707
21046,1
21049,1
21050,1
21053,1
21054,2
21057,2
21058,2
21061,2
21062,2
21065,2
21066,2
21069,2
21070,3
21071,3
21072,1712
21075,1712
21076,1713
21079,1713
21082,6,1673,1726
21083,6,1673,1726
21086,6,1673,1726
21087,6,1673,1726
21090,6,1673,1726
21091,6,1673,1726
21094,6,1673,1726
21095,6,1673,1726
21096,6,1673,1726
21097,6,1673,1726
21100,6,1673,1726
21101,2
21102,2
21103,5
21106,5
21107,1301
21108,1301
21135,1674
21138,1716
21141,1677
21144,1680
21147,1683
21150,1686
21153,1689
21156,1692
21159,1695
21162,1698
21165,1701
21168,1704
21171,1122,1730
21173,5,1735
21174,1722
21177,1106,1730
21179,2
21180,5,1108
21181,1109
21182,1112,1115
21183,1118
21184,2
21187,1099,1730
21189,5,1101
21190,1054
21192,5,1101,1108,1735,1751,1752,1753,1754,1755,1756,1757,1758,1759,1760,1761,1762,1763,1764,1765,1766,1767,1768,1769,1770,1771,1772,1773,1774,1775,1776,1777,1778,1779,1780,1781,1782,1783,1784,1785,1786,1787,1788,1789,1790,1791,1792,1793,1794,1795,1796,1797,1798,1799,1800,1801,1802,1803,1804,1805,1806,1807,1808,1809,1810,1811,1812,1813,1814,1815,1816
21193,1722
21194,2
21195,1109
21196,1112,1115
21197,1118
21198,2
21199,5,1751,1752,1753,1754,1755,1756,1757,1758,1759,1760,1761,1762,1763,1764,1765,1766,1767,1768,1769,1770,1771,1772,1773,1774,1775,1776,1777,1778,1779,1780,1781,1782,1783,1784,1785,1786,1787,1788,1789,1790,1791,1792,1793,1794,1795,1796,1797,1798,1799,1800,1801,1802,1803,1804,1805,1806,1807,1808,1809,1810,1811,1812,1813,1814,1815,1816
21201,2
21206,1573
21208,3
21211,156,1575
21212,156
21214,1578
21217,1581
21220,1584
21223,3
21226,3
21229,3
21232,3
21235,3
21238,3
21241,3
21244,1090,1733
21246,2
21247,2
21248,2
21251,2
21254,1
21257,1
21260,1
21263,1
21266,2
21269,2
21272,1740,1741,1742,1743,1744,1745,1746,1747,1748,1749,1751,1752,1753,1754,1755,1756,1757,1758,1759,1760,1761,1762,1763,1764,1765,1766,1767,1768,1769,1770,1771,1772,1773,1774,1775,1776,1777,1778,1779,1780,1781,1782,1783,1784,1785,1786,1787,1788,1789,1790,1791,1792,1793,1794,1795,1796,1797,1798,1799,1800,1801,1802,1803,1804,1805,1806,1807,1808,1809,1810,1811,1812,1813,1814,1815,1816
21275,1092
21278,1095
21281,1084,1750
21283,2
21284,2
21285,2
21286,2
21287,1
21288,1
21289,1
21290,1
21291,2
21292,2
21293,1740,1741,1742,1743,1744,1745,1746,1747,1748,1749,1751,1752,1753,1754,1755,1756,1757,1758,1759,1760,1761,1762,1763,1764,1765,1766,1767,1768,1769,1770,1771,1772,1773,1774,1775,1776,1777,1778,1779,1780,1781,1782,1783,1784,1785,1786,1787,1788,1789,1790,1791,1792,1793,1794,1795,1796,1797,1798,1799,1800,1801,1802,1803,1804,1805,1806,1807,1808,1809,1810,1811,1812,1813,1814,1815,1816
21294,1092
21295,1095
21309,1726
21312,2
21315,1086
21318,939
21320,941
21323,944
21326,947
21329,950
21332,953
21335,956
21338,1825
21341,1125,1737
21343,1127
21346,1103,1737
21348,3
21349,1051
21351,1127
21352,3
21355,5,1740,1741,1742,1743,1744,1745,1746,1747,1748,1751,1752,1753,1754,1755,1756,1757,1758,1759,1760,1761,1762,1763,1764,1765,1766,1767,1768,1769,1770,1771,1772,1773,1774,1775,1776,1777,1778,1779,1780,1781,1782,1783,1784,1785,1786,1787,1788,1789,1790,1791,1792,1793,1794,1795,1796,1797,1798,1799,1800,1801,1802,1803,1804,1805,1806,1807,1808,1809,1810,1811,1812,1813,1814,1815,1816
21356,2
21357,7
21358,816,1750
21360,7
21361,813
21363,7
21364,1
21367,1
21371,1524,1746
21373,5,6,1673,1726
21377,1526
21380,1716
21383,1715
21386,1527
21389,1530
21390,3
21393,3
21396,3
21399,3
21402,1751,1752,1753,1754,1755,1756,1757,1758,1759,1760,1761,1762,1763,1764,1765,1766,1767,1768,1769,1770,1771,1772,1773,1774,1775,1776,1777,1778,1779,1780,1781,1782,1783,1784,1785,1786,1787,1788,1789,1790,1791,1792,1793,1794,1795,1796,1797,1798,1799,1800,1801,1802,1803,1804,1805,1806,1807,1808,1809,1810,1811,1812,1813,1814,1815,1822
21405,1727,1728,1729,1730
21408,1727,1728,1729,1730
21411,1727,1728,1729,1730
21414,1727,1728,1729,1730
21417,1727,1728,1729,1730
21420,3
21423,1533
21424,1536
21425,1539
21428,1542
21431,1545
21434,2
21437,1048,1743
21439,1039,1743
21441,1041
21444,3
21447,1044
21450,1021,1748
21452,1041
21453,3
21454,1044
21458,3
21461,2
21462,1023
21465,1026
21468,1029
21471,1032
21474,1035
21477,1018,1748
21479,3
21482,3
21483,1015,1748
21485,3
21486,3
21489,3
21492,882,1748
21494,5,1726
21495,1526
21496,1716
21497,1715
21498,1527
21499,1530
21500,3
21501,3
21502,3
21503,3
21504,5,1751,1752,1753,1754,1755,1756,1757,1758,1759,1760,1761,1762,1763,1764,1765,1766,1767,1768,1769,1770,1771,1772,1773,1774,1775,1776,1777,1778,1779,1780,1781,1782,1783,1784,1785,1786,1787,1788,1789,1790,1791,1792,1793,1794,1795,1796,1797,1798,1799,1800,1801,1802,1803,1804,1805,1806,1807,1808,1809,1810,1811,1812,1813,1814,1815,1822
21505,1727,1728,1729,1730
21506,1727,1728,1729,1730
21507,1727,1728,1729,1730
21508,1727,1728,1729,1730
21509,1727,1728,1729,1730
21510,3
21511,1533
21512,1536
21513,932,1539
21514,935,1542
21515,929,1545
21516,2
21517,5,1726
21523,3
21524,3
21525,3
21526,3
21527,5,1751,1752,1753,1754,1755,1756,1757,1758,1759,1760,1761,1762,1763,1764,1765,1766,1767,1768,1769,1770,1771,1772,1773,1774,1775,1776,1777,1778,1779,1780,1781,1782,1783,1784,1785,1786,1787,1788,1789,1790,1791,1792,1793,1794,1795,1796,1797,1798,1799,1800,1801,1802,1803,1804,1805,1806,1807,1808,1809,1810,1811,1812,1813,1814,1815,1822
21528,1727,1728,1729,1730
21530,1727,1728,1729,1730
21531,1727,1728,1729,1730
21533,3
21536,932
21537,935
21538,929
21540,884
21543,887
21546,1734
21549,3
21552,3
21555,5,1745
21558,5,1751,1752,1753,1754,1755,1756,1757,1758,1759,1760,1761,1762,1763,1764,1765,1766,1767,1768,1769,1770,1771,1772,1773,1774,1775,1776,1777,1778,1779,1780,1781,1782,1783,1784,1785,1786,1787,1788,1789,1790,1791,1792,1793,1794,1795,1796,1797,1798,1799,1800,1801,1802,1803,1804,1805,1806,1807,1808,1809,1810,1811,1812,1813,1814,1815,1816
21561,890
21564,893
21567,896
21570,899
21573,902
21576,905
21579,908
21582,911
21585,914
21588,917
21591,920
21594,923
21597,926
21600,5,1731
21601,3
21604,3
21607,3
21610,5,1812
21613,1727,1728,1729,1730
21616,1727,1728,1729,1730
21617,1727,1728,1729,1730
21620,3
21623,5,1825
21626,5,1825
21629,5,1825
21632,5,1825
21635,5,1825
21638,5,1825
21641,5,1825
21644,5,1825
21647,5,1825
21650,5,1825
21653,5,1825
21656,5,1825
21659,5,1825
21662,5,1825
21665,5,1825
21668,5,1825
21671,5,1825
21674,5,1825
21677,5,1825
21680,5,1825
21683,5,1825
21686,5,1825
21689,5,1825
21692,5,1825
21695,5,1825
21698,5,1825
21701,5,1825
21702,5,1825
21705,5,1825
21708,5,1825
21711,5,1825
21714,5,1825
21717,5,1825
21720,5,1825
21723,5,1825
21726,5,1825
21729,5,1825
21732,5,1825
21735,5,1825
21738,5,1825
21741,5,1825
21744,5,1825
21747,5,1825
21750,5,1825
21753,5,1825
21756,5,1825
21759,5,1825
21762,5,1825
21765,5,1825
21768,5,1825
21771,5,1825
21774,5,1825
21777,5,1825
21780,5,1825
21783,879,1748
21785,840,1749
21790,3
21791,2
21792,1023
21793,1026
21794,1029
21795,1032
21796,1035
21797,3
21798,3
21799,3
21800,3
21801,5,1726
21807,3
21808,3
21809,3
21810,3
21811,5,1751,1752,1753,1754,1755,1756,1757,1758,1759,1760,1761,1762,1763,1764,1765,1766,1767,1768,1769,1770,1771,1772,1773,1774,1775,1776,1777,1778,1779,1780,1781,1782,1783,1784,1785,1786,1787,1788,1789,1790,1791,1792,1793,1794,1795,1796,1797,1798,1799,1800,1801,1802,1803,1804,1805,1806,1807,1808,1809,1810,1811,1812,1813,1814,1815,1822
21812,1727,1728,1729,1730
21814,1727,1728,1729,1730
21815,1727,1728,1729,1730
21817,3
21820,932
21821,935
21822,929
21824,884
21825,887
21826,1734
21827,3
21828,3
21829,5,1745
21830,5,1751,1752,1753,1754,1755,1756,1757,1758,1759,1760,1761,1762,1763,1764,1765,1766,1767,1768,1769,1770,1771,1772,1773,1774,1775,1776,1777,1778,1779,1780,1781,1782,1783,1784,1785,1786,1787,1788,1789,1790,1791,1792,1793,1794,1795,1796,1797,1798,1799,1800,1801,1802,1803,1804,1805,1806,1807,1808,1809,1810,1811,1812,1813,1814,1815,1816
21831,890,987
21832,893,990
21833,896,993
21834,899
21835,902
21836,905
21837,908
21838,911
21839,914
21840,917
21841,920
21842,923
21843,926
21844,5,1731
21845,3
21846,3
21847,3
21848,5,1812
21849,1727,1728,1729,1730
21850,1727,1728,1729,1730
21851,1727,1728,1729,1730
21852,3
21853,5,1825
21854,5,1825
21855,5,1825
21856,5,1825
21857,5,1825
21858,5,1825
21859,5,1825
21860,5,1825
21861,5,1825
21862,5,1825
21863,5,1825
21864,5,1825
21865,5,1825
21866,5,1825
21867,5,1825
21868,5,1825
21869,5,1825
21870,5,1825
21871,5,1825
21872,5,1825
21873,5,1825
21874,5,1825
21875,5,1825
21876,5,1825
21877,5,1825
21878,5,1825
21879,5,1825
21880,5,1825
21881,5,1825
21882,5,1825
21883,5,1825
21884,5,1825
21885,5,1825
21886,5,1825
21887,5,1825
21888,5,1825
21889,5,1825
21890,5,1825
21891,5,1825
21892,5,1825
21893,5,1825
21894,5,1825
21895,5,1825
21896,5,1825
21897,5,1825
21898,5,1825
21899,5,1825
21900,5,1825
21901,5,1825
21902,5,1825
21903,5,1825
21904,5,1825
21905,5,1825
21906,5,1825
22027,2
22030,2
22033,2
22036,2
22039,2
22042,2
22045,2
22048,2
22051,2
22054,2
22057,2
22060,2
22063,2
22066,3
22069,3
22072,5,1740,1746
22075,5,1740,1741,1742,1743,1744,1745,1746,1747,1748,1751,1752,1753,1754,1755,1756,1757,1758,1759,1760,1761,1762,1763,1764,1765,1766,1767,1768,1769,1770,1771,1772,1773,1774,1775,1776,1777,1778,1779,1780,1781,1782,1783,1784,1785,1786,1787,1788,1789,1790,1791,1792,1793,1794,1795,1796,1797,1798,1799,1800,1801,1802,1803,1804,1805,1806,1807,1808,1809,1810,1811,1812,1813,1814,1815,1816
22078,5,1751,1752,1753,1754,1755,1756,1757,1758,1759,1760,1761,1762,1763,1764,1765,1766,1767,1768,1769,1770,1771,1772,1773,1774,1775,1776,1777,1778,1779,1780,1781,1782,1783,1784,1785,1786,1787,1788,1789,1790,1791,1792,1793,1794,1795,1796,1797,1798,1799,1800,1801,1802,1803,1804,1805,1806,1807,1808,1809,1810,1811,1812,1813,1814,1815,1816
22081,842
22084,1735,1736,1737
22087,5,1740,1741,1742,1743,1744,1745,1746,1747,1748,1751,1752,1753,1754,1755,1756,1757,1758,1759,1760,1761,1762,1763,1764,1765,1766,1767,1768,1769,1770,1771,1772,1773,1774,1775,1776,1777,1778,1779,1780,1781,1782,1783,1784,1785,1786,1787,1788,1789,1790,1791,1792,1793,1794,1795,1796,1797,1798,1799,1800,1801,1802,1803,1804,1805,1806,1807,1808,1809,1810,1811,1812,1813,1814,1815,1816
22090,5,1740,1741,1742,1743,1744,1745,1746,1747,1748,1751,1752,1753,1754,1755,1756,1757,1758,1759,1760,1761,1762,1763,1764,1765,1766,1767,1768,1769,1770,1771,1772,1773,1774,1775,1776,1777,1778,1779,1780,1781,1782,1783,1784,1785,1786,1787,1788,1789,1790,1791,1792,1793,1794,1795,1796,1797,1798,1799,1800,1801,1802,1803,1804,1805,1806,1807,1808,1809,1810,1811,1812,1813,1814,1815,1816
22093,5,1740,1741,1742,1743,1744,1745,1746,1747,1748,1751,1752,1753,1754,1755,1756,1757,1758,1759,1760,1761,1762,1763,1764,1765,1766,1767,1768,1769,1770,1771,1772,1773,1774,1775,1776,1777,1778,1779,1780,1781,1782,1783,1784,1785,1786,1787,1788,1789,1790,1791,1792,1793,1794,1795,1796,1797,1798,1799,1800,1801,1802,1803,1804,1805,1806,1807,1808,1809,1810,1811,1812,1813,1814,1815,1816
22096,5,1740,1741,1742,1743,1744,1745,1746,1747,1748,1751,1752,1753,1754,1755,1756,1757,1758,1759,1760,1761,1762,1763,1764,1765,1766,1767,1768,1769,1770,1771,1772,1773,1774,1775,1776,1777,1778,1779,1780,1781,1782,1783,1784,1785,1786,1787,1788,1789,1790,1791,1792,1793,1794,1795,1796,1797,1798,1799,1800,1801,1802,1803,1804,1805,1806,1807,1808,1809,1810,1811,1812,1813,1814,1815,1816
22099,2
22102,2
22105,2
22108,2
22111,2
22114,2
22117,845
22120,3,5
22123,3,5
22126,848
22129,851
22132,854
22135,857
22138,860
22141,863
22144,866
22147,869
22150,872
22153,875
22156,822
22278,2
22279,2
22280,2
22281,2
22282,2
22283,2
22284,2
22285,2
22286,2
22287,2
22288,2
22289,2
22290,2
22291,3
22292,3
22293,5,1740,1746
22294,5,1740,1741,1742,1743,1744,1745,1746,1747,1748,1751,1752,1753,1754,1755,1756,1757,1758,1759,1760,1761,1762,1763,1764,1765,1766,1767,1768,1769,1770,1771,1772,1773,1774,1775,1776,1777,1778,1779,1780,1781,1782,1783,1784,1785,1786,1787,1788,1789,1790,1791,1792,1793,1794,1795,1796,1797,1798,1799,1800,1801,1802,1803,1804,1805,1806,1807,1808,1809,1810,1811,1812,1813,1814,1815,1816
22295,5,1751,1752,1753,1754,1755,1756,1757,1758,1759,1760,1761,1762,1763,1764,1765,1766,1767,1768,1769,1770,1771,1772,1773,1774,1775,1776,1777,1778,1779,1780,1781,1782,1783,1784,1785,1786,1787,1788,1789,1790,1791,1792,1793,1794,1795,1796,1797,1798,1799,1800,1801,1802,1803,1804,1805,1806,1807,1808,1809,1810,1811,1812,1813,1814,1815,1816
22296,842
22297,1735,1736,1737
22298,5,1740,1741,1742,1743,1744,1745,1746,1747,1748,1751,1752,1753,1754,1755,1756,1757,1758,1759,1760,1761,1762,1763,1764,1765,1766,1767,1768,1769,1770,1771,1772,1773,1774,1775,1776,1777,1778,1779,1780,1781,1782,1783,1784,1785,1786,1787,1788,1789,1790,1791,1792,1793,1794,1795,1796,1797,1798,1799,1800,1801,1802,1803,1804,1805,1806,1807,1808,1809,1810,1811,1812,1813,1814,1815,1816
22299,5,1740,1741,1742,1743,1744,1745,1746,1747,1748,1751,1752,1753,1754,1755,1756,1757,1758,1759,1760,1761,1762,1763,1764,1765,1766,1767,1768,1769,1770,1771,1772,1773,1774,1775,1776,1777,1778,1779,1780,1781,1782,1783,1784,1785,1786,1787,1788,1789,1790,1791,1792,1793,1794,1795,1796,1797,1798,1799,1800,1801,1802,1803,1804,1805,1806,1807,1808,1809,1810,1811,1812,1813,1814,1815,1816
22300,5,1740,1741,1742,1743,1744,1745,1746,1747,1748,1751,1752,1753,1754,1755,1756,1757,1758,1759,1760,1761,1762,1763,1764,1765,1766,1767,1768,1769,1770,1771,1772,1773,1774,1775,1776,1777,1778,1779,1780,1781,1782,1783,1784,1785,1786,1787,1788,1789,1790,1791,1792,1793,1794,1795,1796,1797,1798,1799,1800,1801,1802,1803,1804,1805,1806,1807,1808,1809,1810,1811,1812,1813,1814,1815,1816
22301,5,1740,1741,1742,1743,1744,1745,1746,1747,1748,1751,1752,1753,1754,1755,1756,1757,1758,1759,1760,1761,1762,1763,1764,1765,1766,1767,1768,1769,1770,1771,1772,1773,1774,1775,1776,1777,1778,1779,1780,1781,1782,1783,1784,1785,1786,1787,1788,1789,1790,1791,1792,1793,1794,1795,1796,1797,1798,1799,1800,1801,1802,1803,1804,1805,1806,1807,1808,1809,1810,1811,1812,1813,1814,1815,1816
22302,2
22303,2
22304,2
22305,2
22306,2
22307,2
22308,845
22309,3,5
22310,3,5
22311,848
22312,851
22313,854
22314,857
22315,860
22316,863
22317,866
22318,869
22319,872
22320,875
22484,824
22487,827
22490,830
22493,833
22496,836
22499,798
22514,1726
22515,2,7
22516,1086
22517,3
22518,5,1740,1741,1742,1743,1744,1745,1746,1747,1748,1749,1751,1752,1753,1754,1755,1756,1757,1758,1759,1760,1761,1762,1763,1764,1765,1766,1767,1768,1769,1770,1771,1772,1773,1774,1775,1776,1777,1778,1779,1780,1781,1782,1783,1784,1785,1786,1787,1788,1789,1790,1791,1792,1793,1794,1795,1796,1797,1798,1799,1800,1801,1802,1803,1804,1805,1806,1807,1808,1809,1810,1811,1812,1813,1814,1815,1816
22519,5,1740,1741,1742,1743,1744,1745,1746,1747,1748,1749,1751,1752,1753,1754,1755,1756,1757,1758,1759,1760,1761,1762,1763,1764,1765,1766,1767,1768,1769,1770,1771,1772,1773,1774,1775,1776,1777,1778,1779,1780,1781,1782,1783,1784,1785,1786,1787,1788,1789,1790,1791,1792,1793,1794,1795,1796,1797,1798,1799,1800,1801,1802,1803,1804,1805,1806,1807,1808,1809,1810,1811,1812,1813,1814,1815,1816
22522,2
22525,2
22528,2
22531,2
22534,800
22537,803
22540,1
22541,1
22542,806
22545,1
22548,1
22551,2
22554,809
22573,2
22576,3
22579,3
22582,2
22585,736
22588,739
22591,2
22594,3
22595,3
22596,3
22599,1549,1815
22601,3
22602,1521,1815
22604,3
22605,3
22608,3
22611,3
22614,3
22617,1
22620,5,1740,1746
22623,5,1726
22626,3
22629,3
22632,1518,1815
22634,3
22637,3
22640,5,1825
22643,5,1825
22646,5,1825
22649,5,1825
22650,5,1825
22651,5,1825
22652,5,1825
22655,5,1825
22656,5,1825
22659,5,1825
22662,5,1825
22665,5,1825
22668,5,1825
22671,5,1825
22674,5,1825
22677,5,1825
22678,5,1825
22681,5,1825
22684,1515,1815
22686,3
22687,3
22690,1512,1815
22692,3
22693,3
22694,3
22697,1
22700,1
22703,3
22706,1509,1815
22708,1
22709,1503,1815
22711,2
22712,2
22715,2
22718,2
22721,2
22724,2
22727,1735,1736,1737
22730,1500,1815
22732,2
22733,2
22734,2
22735,1735,1736,1737
22736,1491,1815
22738,1720
22741,5,1771
22744,3
22745,3
22746,3
22749,3
22750,1
22753,1717
22756,3
22759,1493
22762,1496
22765,1735,1736,1737
22766,1482,1815
22768,1
22771,3
22774,1
22775,5,1771
22776,3
22779,3
22780,3
22781,1
22782,1717
22783,3
22784,1484
22785,1487
22786,1735,1736,1737
22787,1467,1815
22789,1
22790,2
22791,3
22794,1
22795,5,1771
22796,2
22799,3
22800,3
22803,1
22806,1
22809,2
22810,3
22813,3
22814,3
22815,3
22816,2
22819,1
22820,1717
22821,3
22822,1469
22823,1472
22824,1735,1736,1737
22825,1475
22826,2
22829,2
22832,3
22835,1478
22838,1464,1815
22840,1
22841,5,1771
22842,3
22843,1
22846,1
22849,3
22850,3
22851,2
22854,1461,1815
22856,1
22857,3
22858,1458,1815
22860,1727,1728,1729,1730
22863,1437,1815
22865,1
22866,1
22867,5,1771
22868,1
22871,3
22872,1
22873,2
22874,3
22875,1728
22876,2
22877,1439
22878,1442,1445
22879,1448
22880,1727,1728,1729,1730
22883,2
22884,3
22885,1
22886,1717
22887,3
22888,1451
22889,1454
22890,1735,1736,1737
22891,1428,1815
22893,1
22894,1
22895,5,1771
22896,3
22899,3
22902,3
22905,1
22908,3
22911,3
22912,3
22913,3
22914,1
22915,1717
22916,3
22917,1430
22918,1433
22919,1735,1736,1737
22920,1407,1815
22922,3
22925,3
22928,3
22931,1
22932,1
22935,1
22936,3
22937,1
22938,5,1771
22939,5
22942,3
22943,3
22944,3
22945,1
22946,3
22947,3
22948,1
22951,5,1751,1752,1753,1754,1755,1756,1757,1758,1759,1760,1761,1762,1763,1764,1765,1766,1767,1768,1769,1770,1771,1772,1773,1774,1775,1776,1777,1778,1779,1780,1781,1782,1783,1784,1785,1786,1787,1788,1789,1790,1791,1792,1793,1794,1795,1796,1797,1798,1799,1800,1801,1802,1803,1804,1805,1806,1807,1808,1809,1810,1811,1812,1813,1814,1815,1822
22954,3
22955,2
22956,3
22957,1
22958,3
22959,3
22962,3
22963,1
22964,1
22965,2
22966,3
22967,3
22970,3
22971,3
22972,3
22973,3,1824
22976,2
22979,5,1762
22982,3
22983,1409
22986,1412
22989,1
22990,1717
22991,3
22992,1415
22993,1418
22994,1735,1736,1737
22995,1421
22996,2
22997,2
22998,3
22999,1424
23000,1404,1815
23002,5,1771
23003,3
23004,5,1751,1752,1753,1754,1755,1756,1757,1758,1759,1760,1761,1762,1763,1764,1765,1766,1767,1768,1769,1770,1771,1772,1773,1774,1775,1776,1777,1778,1779,1780,1781,1782,1783,1784,1785,1786,1787,1788,1789,1790,1791,1792,1793,1794,1795,1796,1797,1798,1799,1800,1801,1802,1803,1804,1805,1806,1807,1808,1809,1810,1811,1812,1813,1814,1815,1822
23007,1401,1815
23009,5,1771
23010,1392,1815
23012,1
23013,5,1771
23014,3
23015,3
23016,1729
23019,1
23020,1717
23021,3
23022,1394
23023,1397
23024,1380,1815
23026,3
23029,3
23032,3
23033,3
23036,3
23039,3
23042,3
23043,1
23046,3
23047,1729
23048,2
23049,1382
23052,1385
23055,1388
23056,1377,1815
23058,2
23061,2
23064,1720
23067,2
23070,3
23072,1362,1815
23074,2
23077,2
23080,1727,1728,1729,1730
23083,1364
23086,1367
23089,1353,1815
23091,1727,1728,1729,1730
23092,1355
23095,1358
23098,1350,1815
23100,2
23103,1347,1815
23105,1317,1815
23107,5,1776
23110,1319
23113,1322
23116,5,1774
23119,1325
23122,1328
23125,5,1774
23128,1331
23131,1334
23134,1727,1728,1729,1730
23137,1337
23140,1727,1728,1729,1730
23141,1340
23142,1343
23143,3
23144,1314,1815
23146,3
23147,3
23150,3
23153,3
23154,3
23155,3
23158,3
23161,3
23164,1720,1721
23167,3
23170,3
23173,3
23174,3
23175,3
23176,3
23177,3
23178,3
23179,3
23180,3
23181,1311,1815
23183,3
23184,1727,1728,1729,1730
23187,1727,1728,1729,1730
23188,1308,1815
23190,3
23193,3
23194,3
23197,3
23198,1
23204,1305,1815
23206,3
23207,3
23208,3
23209,1302,1784
23211,1299,1784
23213,2
23214,2
23215,2
23216,2
23217,3
23218,1284
23220,2,3
23221,3
23222,2
23223,2
23224,2,3
23230,1286
23233,1289
23236,1292
23239,1295
23242,1281,1815
23244,3
23245,3
23246,1272,1815
23248,3
23249,3
23250,1
23253,3
23254,3
23257,5,1771
23258,3
23259,3
23260,5,1740,1746
23261,5,1726
23262,1
23263,1717
23264,3
23265,1274
23266,1277
23267,1269,1815
23269,3
23270,3
23271,3
23272,3
23273,1266,1815
23275,3
23276,3
23279,3
23280,1720
23283,1
23286,3
23287,3
23288,5,1740,1746
23289,5,1726
23290,1263,1815
23292,3
23293,3
23294,3
23297,3
23298,1
23301,2
23302,2
23303,2
23306,2
23309,1
23312,1260,1815
23314,3
23317,3
23320,1257,1815
23322,1254,1815
23324,1251,1815
23326,3
23327,1
23330,3,5,1824
23331,1248,1815
23333,3
23334,3
23335,3
23336,3
23337,3
23338,1720,1721
23339,3
23340,3
23341,3
23342,3
23343,3
23344,3
23345,3
23346,3
23347,3
23348,3
23349,3
23350,1245,1815
23352,1242,1815
23354,1239,1815
23356,2
23357,1236,1815
23359,1233,1815
23361,1
23364,2
23367,3
23368,1230,1815
23370,3
23371,1227,1815
23373,1224,1815
23375,1221,1815
23377,1218,1815
23379,1215,1815
23381,5,1825
23382,5,1825
23383,5,1825
23384,5,1825
23385,5,1825
23386,5,1825
23387,5,1825
23388,5,1825
23389,5,1825
23390,5,1825
23391,5,1825
23392,5,1825
23393,5,1825
23394,5,1825
23395,5,1825
23398,5,1825
23399,5,1825
23400,5,1825
23401,5,1825
23404,5,1825
23405,1212,1815
23407,3
23408,1
23411,1
23414,3
23415,3
23418,3
23419,1209,1815
23421,1
23422,3
23423,3
23424,1
23427,1206,1815
23429,3
23430,3
23433,3
23434,1203,1815
23436,1
23437,3
23438,3
23439,1720,1721
23440,3
23441,3
23442,3
23443,1720
23446,1200,1815
23448,3
23449,3
23450,1197,1815
23452,3
23453,1194,1815
23455,1191,1815
23457,1188,1815
23459,1173,1816
23461,3
23462,3
23463,3
23464,3
23465,3
23466,3
23467,1
23468,5,1740,1746
23469,5,1726
23470,3
23471,3
23472,2,3
23473,2,3,1727,1728,1729,1730
23474,5,1825
23475,5,1825
23476,5,1825
23477,5,1825
23478,5,1825
23479,5,1825
23480,5,1825
23481,5,1825
23482,5,1825
23483,5,1825
23484,5,1825
23485,5,1825
23486,5,1825
23487,5,1825
23488,5,1825
23489,5,1825
23490,5,1825
23491,5,1825
23492,3
23493,3
23494,3
23495,1
23496,1
23497,3
23498,1
23499,2,3
23500,2,3
23501,2,3
23502,2
23503,2
23504,2
23505,1735,1736,1737
23506,2
23507,3,1720
23508,5,1771
23509,3
23510,1
23511,1717
23512,3
23513,1274,1388,1394,1415,1430,1451,1469,1484,1493
23514,1277,1397,1418,1433,1454,1472,1487,1496
23515,1
23516,3
23517,3
23518,3
23519,2
23520,3
23521,1
23522,1
23523,3
23524,2
23525,1421,1475
23526,2
23527,2
23528,3
23529,1424,1478
23530,1
23531,1
23532,3
23533,2
23534,1727,1728,1729,1730
23535,1
23536,2
23537,2
23538,1439
23539,1442,1445
23540,1448
23541,1727,1728,1729,1730
23542,2
23543,3
23544,3
23545,3
23546,1
23547,3
23548,3
23549,3
23550,3
23551,1
23552,5
23553,2,3
23554,1
23555,5,1751,1752,1753,1754,1755,1756,1757,1758,1759,1760,1761,1762,1763,1764,1765,1766,1767,1768,1769,1770,1771,1772,1773,1774,1775,1776,1777,1778,1779,1780,1781,1782,1783,1784,1785,1786,1787,1788,1789,1790,1791,1792,1793,1794,1795,1796,1797,1798,1799,1800,1801,1802,1803,1804,1805,1806,1807,1808,1809,1810,1811,1812,1813,1814,1815,1822
23556,3
23557,3
23558,3,5,1824
23559,2
23560,5,1762
23561,2,3
23562,1409
23563,1412
23564,5,1751,1752,1753,1754,1755,1756,1757,1758,1759,1760,1761,1762,1763,1764,1765,1766,1767,1768,1769,1770,1771,1772,1773,1774,1775,1776,1777,1778,1779,1780,1781,1782,1783,1784,1785,1786,1787,1788,1789,1790,1791,1792,1793,1794,1795,1796,1797,1798,1799,1800,1801,1802,1803,1804,1805,1806,1807,1808,1809,1810,1811,1812,1813,1814,1815,1822
23565,1729
23566,3
23567,3
23568,3
23569,3
23570,3
23571,1
23572,3
23573,1382
23574,1385
23576,2
23577,2
23578,1720
23579,2
23580,2
23581,2
23582,1727,1728,1729,1730
23583,1364
23584,1367
23585,1340,1355
23586,1343,1358
23587,2
23588,5,1776
23589,1319
23590,1322
23591,5,1774
23592,1325
23593,1328
23594,5,1774
23595,1331
23596,1334
23597,1727,1728,1729,1730
23598,1337
23599,3
23600,3
23601,3
23602,3
23603,3
23604,3
23605,3
23606,1720,1721
23607,3
23608,3
23609,3
23610,3
23611,3
23612,3
23613,3
23614,3
23615,3
23616,1727,1728,1729,1730
23617,1727,1728,1729,1730
23618,3
23619,3
23620,1
23622,3
23623,1
23624,3
23625,3
23626,1720
23627,1
23628,3
23629,1
23630,2
23631,2
23632,1
23633,3
23634,3
23635,1
23636,1
23637,2
23638,5,1825
23639,5,1825
23640,1
23641,1
23642,3
23643,1
23644,3
23645,3
23646,1720
23663,5,1825
23664,5,1825
23665,5,1825
23667,5,1825
23675,5,1825
23833,3
23834,3
23837,1175
23840,2
23843,3
23846,3
23849,3
23850,3
23853,3
23854,3
23857,1720,1721
23860,1719
23863,1
23866,3
23869,3
23872,1720
23875,1720
23878,1727
23881,7
23884,1
23887,1178
23890,2
23893,1181
23894,1184
23897,3
23900,3
23903,1
23906,1720
23909,3
23912,1
23915,5,1754
23918,1
23921,3,5
23924,3,5
23927,3,5
23930,1,5
23933,1,5
23936,1,5
23939,1718
23942,5,1825
23943,5,1825
23944,5,1825
23945,5,1825
23946,5,1825
23947,5,1825
23948,5,1825
23949,5,1825
23950,5,1825
23951,5,1825
23952,5,1825
23953,5,1825
23954,5,1825
23955,5,1825
23956,5,1825
23957,5,1825
23958,5,1825
23959,5,1825
23960,5,1825
23961,5,1825
23962,5,1825
23963,5,1825
23964,5,1825
23965,5,1825
23966,5,1825
23967,5,1825
23968,5,1825
23969,5,1825
23970,5,1825
23971,5,1825
23972,5,1825
23973,5,1825
23974,5,1825
23975,5,1825
23976,5,1825
23977,5,1825
23978,5,1825
23979,5,1825
23980,5,1825
23981,5,1825
23982,5,1825
23983,5,1825
23984,5,1825
23985,5,1825
23986,5,1825
23987,5,1825
23988,5,1825
23989,5,1825
23990,5,1825
23991,960,1748
23994,3
24009,5,1825
24010,5,1825
24011,5,1825
24013,5,1825
24021,5,1825
24069,2
24104,3
24149,1727,1728,1729,1730
24154,3
24179,3
24180,3
24181,1175
24182,2
24183,3
24184,3
24185,3
24186,3
24187,3
24188,3
24189,1720,1721
24190,1719
24191,1
24192,3
24193,3
24194,1720
24195,1720
24196,1727
24197,7
24198,1
24199,1178
24200,2
24201,1181
24202,1184
24203,3
24204,3
24205,1
24206,1720
24207,3
24208,1
24209,5,1754
24210,1
24211,3,5
24212,3,5
24213,3,5
24214,1,5
24215,1,5
24216,1,5
24217,1718
24218,5,1825
24219,5,1825
24220,5,1825
24221,5,1825
24222,5,1825
24223,5,1825
24224,5,1825
24225,5,1825
24226,5,1825
24227,5,1825
24228,5,1825
24229,5,1825
24230,5,1825
24231,5,1825
24232,5,1825
24233,5,1825
24234,5,1825
24235,5,1825
24236,5,1825
24237,5,1825
24238,5,1825
24239,5,1825
24240,5,1825
24241,5,1825
24242,5,1825
24243,5,1825
24244,5,1825
24245,5,1825
24246,5,1825
24247,5,1825
24248,5,1825
24249,5,1825
24250,5,1825
24251,5,1825
24252,5,1825
24253,5,1825
24254,5,1825
24255,5,1825
24256,5,1825
24257,5,1825
24258,5,1825
24259,5,1825
24260,5,1825
24261,5,1825
24262,5,1825
24263,5,1825
24264,5,1825
24265,5,1825
24266,5,1825
25385,3,5
25386,3,5
25390,3,5
25391,3,5
25395,3
25396,3
25400,3
25403,3
25407,962
25410,962
25414,963
25417,963
25421,966
25424,966
25428,969
25431,969
25435,972
25438,972
25442,975
25445,975
25449,978
25452,978
25456,981
25459,981
25463,984
25466,984
25470,987
25471,990
25472,993
25473,1727,1728,1729,1730
25476,1727,1728,1729,1730
25480,5,1751,1752,1753,1754,1755,1756,1757,1758,1759,1760,1761,1762,1763,1764,1765,1766,1767,1768,1769,1770,1771,1772,1773,1774,1775,1776,1777,1778,1779,1780,1781,1782,1783,1784,1785,1786,1787,1788,1789,1790,1791,1792,1793,1794,1795,1796,1797,1798,1799,1800,1801,1802,1803,1804,1805,1806,1807,1808,1809,1810,1811,1812,1813,1814,1815,1816
25483,5,1751,1752,1753,1754,1755,1756,1757,1758,1759,1760,1761,1762,1763,1764,1765,1766,1767,1768,1769,1770,1771,1772,1773,1774,1775,1776,1777,1778,1779,1780,1781,1782,1783,1784,1785,1786,1787,1788,1789,1790,1791,1792,1793,1794,1795,1796,1797,1798,1799,1800,1801,1802,1803,1804,1805,1806,1807,1808,1809,1810,1811,1812,1813,1814,1815,1816
25487,5,1751,1752,1753,1754,1755,1756,1757,1758,1759,1760,1761,1762,1763,1764,1765,1766,1767,1768,1769,1770,1771,1772,1773,1774,1775,1776,1777,1778,1779,1780,1781,1782,1783,1784,1785,1786,1787,1788,1789,1790,1791,1792,1793,1794,1795,1796,1797,1798,1799,1800,1801,1802,1803,1804,1805,1806,1807,1808,1809,1810,1811,1812,1813,1814,1815,1816
25490,5,1751,1752,1753,1754,1755,1756,1757,1758,1759,1760,1761,1762,1763,1764,1765,1766,1767,1768,1769,1770,1771,1772,1773,1774,1775,1776,1777,1778,1779,1780,1781,1782,1783,1784,1785,1786,1787,1788,1789,1790,1791,1792,1793,1794,1795,1796,1797,1798,1799,1800,1801,1802,1803,1804,1805,1806,1807,1808,1809,1810,1811,1812,1813,1814,1815,1816
25494,5,1751,1752,1753,1754,1755,1756,1757,1758,1759,1760,1761,1762,1763,1764,1765,1766,1767,1768,1769,1770,1771,1772,1773,1774,1775,1776,1777,1778,1779,1780,1781,1782,1783,1784,1785,1786,1787,1788,1789,1790,1791,1792,1793,1794,1795,1796,1797,1798,1799,1800,1801,1802,1803,1804,1805,1806,1807,1808,1809,1810,1811,1812,1813,1814,1815,1816
25497,5,1751,1752,1753,1754,1755,1756,1757,1758,1759,1760,1761,1762,1763,1764,1765,1766,1767,1768,1769,1770,1771,1772,1773,1774,1775,1776,1777,1778,1779,1780,1781,1782,1783,1784,1785,1786,1787,1788,1789,1790,1791,1792,1793,1794,1795,1796,1797,1798,1799,1800,1801,1802,1803,1804,1805,1806,1807,1808,1809,1810,1811,1812,1813,1814,1815,1816
25501,5,1751,1752,1753,1754,1755,1756,1757,1758,1759,1760,1761,1762,1763,1764,1765,1766,1767,1768,1769,1770,1771,1772,1773,1774,1775,1776,1777,1778,1779,1780,1781,1782,1783,1784,1785,1786,1787,1788,1789,1790,1791,1792,1793,1794,1795,1796,1797,1798,1799,1800,1801,1802,1803,1804,1805,1806,1807,1808,1809,1810,1811,1812,1813,1814,1815,1816
25504,5,1751,1752,1753,1754,1755,1756,1757,1758,1759,1760,1761,1762,1763,1764,1765,1766,1767,1768,1769,1770,1771,1772,1773,1774,1775,1776,1777,1778,1779,1780,1781,1782,1783,1784,1785,1786,1787,1788,1789,1790,1791,1792,1793,1794,1795,1796,1797,1798,1799,1800,1801,1802,1803,1804,1805,1806,1807,1808,1809,1810,1811,1812,1813,1814,1815,1816
25508,2
25511,2
25515,996
25518,996
25522,999
25525,999
25529,1002
25532,1002
25536,2
25539,2
25543,2
25546,2
25550,2
25553,2
25557,2
25560,2
25564,2
25567,2
25571,2
25574,2
25578,2
25581,2
25585,2
25588,2
25592,744
25594,746
25597,749
25600,752,758
25603,755,761
25606,764
25609,767
25610,770
25613,773
25616,776
25619,779
25622,782
25625,785
25628,788
25631,5,1817
25634,3
25635,3,5
25638,3
25639,5,1751,1752,1753,1754,1755,1756,1757,1758,1759,1760,1761,1762,1763,1764,1765,1766,1767,1768,1769,1770,1771,1772,1773,1774,1775,1776,1777,1778,1779,1780,1781,1782,1783,1784,1785,1786,1787,1788,1789,1790,1791,1792,1793,1794,1795,1796,1797,1798,1799,1800,1801,1802,1803,1804,1805,1806,1807,1808,1809,1810,1811,1812,1813,1814,1815,1816
25640,3,5
25641,3,5
25644,731
25646,2
25647,2
25649,725
25651,2
25652,2
25655,2
25658,2
25661,2
25664,2
25667,2
25670,2
25673,2
25676,2
25679,2
25682,2
25685,2
25686,722
25688,716
25690,718
25693,792,1815
25695,2
25696,2
25697,794
25700,794
25708,556
25710,1822
25713,558
25716,561
25719,564
25722,567
25725,570
25728,573
25731,576
25734,2
25737,3
25740,3,1820,1821
25743,3,1820,1821
25746,579
25749,582
25752,585
25755,2
25758,2
25761,2
25764,3
25767,588
25770,591
25773,594
25776,597
25779,600,603
25782,606,609
25785,612,615
25788,618,621
25791,624,627
25794,630,633
25795,636,639
25798,642
25801,645
25804,648
25807,651,654,657
25810,660
25813,663
25816,666,669
25819,672
25822,675,678
25825,2
25826,3
25827,3
25828,2
25829,681
25830,684
25831,2
25832,3
25833,3
25834,3
25835,688
25836,691
25837,694
25838,697
25839,700
25840,703
25841,706
25842,709
25843,712
25854,548
25856,552
25857,548
25860,552
25863,2
25865,2
25866,2
25867,2
25868,2
25869,2
25870,2
25871,2
25872,343
25873,346
25874,349
25875,352
25876,355
25877,358
25878,361
25879,364
25880,367
25881,370
25882,373
25883,376
25884,379
25885,382
25886,385
25887,388
25888,391
25889,394
25890,2
25893,2
25896,2
25899,2
25902,2
25905,2
25908,2
25911,2
25914,343
25917,346
25920,349
25923,352
25926,355
25929,358
25932,361
25935,364
25938,367
25941,370
25944,373
25945,376
25946,379
25949,382
25952,385
25955,388
25958,391
25961,394
25964,12,82
25965,12
25967,3
25968,3
25971,156,545
25972,397
25974,400
25978,403
25982,80
25983,12,79
25984,156,406
25985,409
25988,412
25991,159,415
25992,159
25994,418
25997,421
26000,162,424
26001,162
26003,427
26006,430
26009,433
26012,436
26015,439
26018,442
26021,445
26024,448
26027,451
26030,454
26033,457
26036,460
26039,463
26042,466
26045,469
26048,472
26051,475
26054,478
26057,481
26060,484
26063,487
26066,490
26069,493
26072,496
26075,499
26078,502
26081,505
26084,508
26087,511
26090,514
26093,517
26096,520
26099,523
26102,526
26105,529
26108,532
26111,2
26115,2
26119,2
26123,2
26127,2
26131,12,76
26132,156,325
26133,159,328
26134,162,331
26135,334
26138,337
26141,340
26144,12,73
26145,156,319
26146,162,322
26159,181
26160,181
26162,6
26173,24
26177,6
26187,261
26191,9,12
26192,156,264
26193,162,267
26194,270
26197,273
26200,276
26203,279
26206,282
26209,285
26212,288
26213,291
26214,294
26217,297
26220,301
26223,304
26226,307
26229,310
26232,313
26235,316
26238,188
26242,8,12
26243,156,191
26244,159,194
26245,197
26246,201
26249,204
26252,207
26255,210
26258,214
26261,217
26262,221
26265,225
26268,229
26271,232
26272,235
26273,238
26276,241
26279,244
26282,247
26285,251
26288,255
26291,258
26294,11,12
26295,535
26298,539
26301,156,542
26302,107
26306,111
26310,115
26314,119
26318,123
26322,127
26326,131
26330,135
26334,139
26338,143
26342,146
26346,149
26350,152
26354,6
26356,2
26358,1825
26359,15
26361,166
26363,169
26365,172
26367,10,12
26368,156,175
26369,178
26372,184
